EFIT++  MAST     # 29975 # 209ms                   0  65  65
 0.194000006E+01 0.400000000E+01 0.842325687E+00 0.599999987E-01 0.000000000E+00
 0.942503810E+00 0.894146226E-02-0.649639592E-01 0.199522451E-01-0.481577218E+00
 0.803439750E+06-0.649639592E-01 0.000000000E+00 0.942503810E+00 0.000000000E+00
 0.894146226E-02 0.000000000E+00 0.199522451E-01 0.000000000E+00 0.000000000E+00
-0.481993914E+00-0.479307920E+00-0.476673275E+00-0.474090070E+00-0.471558362E+00
-0.469078213E+00-0.466649681E+00-0.464272797E+00-0.461947560E+00-0.459673941E+00
-0.457451940E+00-0.455281526E+00-0.453162640E+00-0.451095164E+00-0.449079007E+00
-0.447114080E+00-0.445200235E+00-0.443337321E+00-0.441525131E+00-0.439763486E+00
-0.438052177E+00-0.436390907E+00-0.434779495E+00-0.433217615E+00-0.431704968E+00
-0.430241197E+00-0.428826034E+00-0.427459031E+00-0.426139832E+00-0.424868047E+00
-0.423643202E+00-0.422464877E+00-0.421332598E+00-0.420245856E+00-0.419204175E+00
-0.418206960E+00-0.417253703E+00-0.416343838E+00-0.415476739E+00-0.414651841E+00
-0.413868487E+00-0.413126051E+00-0.412423879E+00-0.411761254E+00-0.411137521E+00
-0.410551995E+00-0.410003871E+00-0.409492493E+00-0.409017056E+00-0.408576846E+00
-0.408171058E+00-0.407798886E+00-0.407459557E+00-0.407152265E+00-0.406876147E+00
-0.406630427E+00-0.406414241E+00-0.406226754E+00-0.406067073E+00-0.405934393E+00
-0.405827790E+00-0.405746430E+00-0.405689418E+00-0.405655861E+00-0.405644864E+00
 0.164889844E+05 0.164819629E+05 0.164512305E+05 0.163975527E+05 0.163216895E+05
 0.162244033E+05 0.161064570E+05 0.159686123E+05 0.158116318E+05 0.156362773E+05
 0.154433115E+05 0.152334961E+05 0.150075947E+05 0.147663682E+05 0.145105791E+05
 0.142409902E+05 0.139583643E+05 0.136634619E+05 0.133570459E+05 0.130398789E+05
 0.127127236E+05 0.123763408E+05 0.120314941E+05 0.116789463E+05 0.113194580E+05
 0.109537920E+05 0.105827109E+05 0.102069766E+05 0.982735156E+04 0.944459766E+04
 0.905947754E+04 0.867275391E+04 0.828518848E+04 0.789754346E+04 0.751058105E+04
 0.712506396E+04 0.674175391E+04 0.636141357E+04 0.598480518E+04 0.561269043E+04
 0.524583252E+04 0.488499268E+04 0.453093408E+04 0.418441797E+04 0.384620776E+04
 0.351706494E+04 0.319775220E+04 0.288903125E+04 0.259166504E+04 0.230641528E+04
 0.203404431E+04 0.177531458E+04 0.153098828E+04 0.130182764E+04 0.108859485E+04
 0.892052307E+03 0.712962219E+03 0.552086792E+03 0.410188324E+03 0.288029083E+03
 0.186371292E+03 0.105977242E+03 0.476091690E+02 0.120293350E+02 0.000000000E+00
-0.985054791E+00-0.961036026E+00-0.937291205E+00-0.913820207E+00-0.890623093E+00
-0.867699921E+00-0.845050573E+00-0.822675109E+00-0.800573528E+00-0.778745890E+00
-0.757192075E+00-0.735912144E+00-0.714906096E+00-0.694173932E+00-0.673715651E+00
-0.653531253E+00-0.633620739E+00-0.613984108E+00-0.594621360E+00-0.575532436E+00
-0.556717455E+00-0.538176358E+00-0.519909143E+00-0.501915753E+00-0.484196305E+00
-0.466750711E+00-0.449579000E+00-0.432681173E+00-0.416057229E+00-0.399707168E+00
-0.383630991E+00-0.367828667E+00-0.352300256E+00-0.337045729E+00-0.322065055E+00
-0.307358295E+00-0.292925388E+00-0.278766364E+00-0.264881223E+00-0.251269966E+00
-0.237932608E+00-0.224869117E+00-0.212079510E+00-0.199563771E+00-0.187321931E+00
-0.175353959E+00-0.163659871E+00-0.152239665E+00-0.141093343E+00-0.130220905E+00
-0.119622342E+00-0.109297663E+00-0.992468670E-01-0.894699469E-01-0.799669102E-01
-0.707377568E-01-0.617824793E-01-0.531010851E-01-0.446935706E-01-0.365599394E-01
-0.287001897E-01-0.211143214E-01-0.138023328E-01-0.676422613E-02 0.000000000E+00
 0.383402783E+04-0.143226748E+05-0.319048750E+05-0.489125742E+05-0.653457734E+05
-0.812044688E+05-0.964886641E+05-0.111198359E+06-0.125333555E+06-0.138894250E+06
-0.151880438E+06-0.164292125E+06-0.176129312E+06-0.187391984E+06-0.198080172E+06
-0.208193859E+06-0.217733031E+06-0.226697719E+06-0.235087891E+06-0.242903578E+06
-0.250144750E+06-0.256811422E+06-0.262903594E+06-0.268421250E+06-0.273364438E+06
-0.277733094E+06-0.281527250E+06-0.284746938E+06-0.287392094E+06-0.289462750E+06
-0.290958906E+06-0.291880562E+06-0.292227719E+06-0.292000375E+06-0.291198531E+06
-0.289822188E+06-0.287871344E+06-0.285346000E+06-0.282246156E+06-0.278571781E+06
-0.274322938E+06-0.269499594E+06-0.264101719E+06-0.258129359E+06-0.251582500E+06
-0.244461141E+06-0.236765281E+06-0.228494922E+06-0.219650047E+06-0.210230688E+06
-0.200236812E+06-0.189668453E+06-0.178525578E+06-0.166808203E+06-0.154516328E+06
-0.141649953E+06-0.128209070E+06-0.114193695E+06-0.996038125E+05-0.844394297E+05
-0.687005469E+05-0.523871641E+05-0.354992773E+05-0.180368887E+05 0.000000000E+00
 3.206411566e-05 7.072262088e-05 1.217035679e-04 1.822262420e-04 2.493684879e-04
 3.208506678e-04 3.970383259e-04 4.773436522e-04 5.622197641e-04 6.571234553e-04
 7.720860885e-04 9.223759407e-04 1.128250151e-03 1.413508435e-03 1.797430799e-03
 2.291828394e-03 2.903351095e-03 3.622923978e-03 4.436970688e-03 5.333523266e-03
 6.298562512e-03 7.317251991e-03 8.371749893e-03 9.474832565e-03 1.062571723e-02
 1.190010365e-02 1.322836615e-02 1.459654327e-02 1.596996374e-02 1.735217683e-02
 1.874380745e-02 2.014364488e-02 2.154984511e-02 2.296018787e-02 2.437214553e-02
 2.578292228e-02 2.718946524e-02 2.858850174e-02 2.997655608e-02 3.134999052e-02
 3.270504251e-02 3.403785452e-02 3.534451127e-02 3.662109002e-02 3.786366805e-02
 3.906834498e-02 4.023123905e-02 4.134841263e-02 4.241571203e-02 4.342815280e-02
 4.437723756e-02 4.525993019e-02 4.611553252e-02 4.696632177e-02 4.786580801e-02
 4.874074832e-02 4.956325516e-02 5.031734705e-02 5.101317540e-02 5.165527761e-02
 5.224678293e-02 5.279035121e-02 5.328843370e-02 5.374336615e-02 5.415739492e-02
 3.871515219e-05 8.382154192e-05 1.403892238e-04 2.025808062e-04 2.643982880e-04
 3.215528559e-04 3.681055096e-04 3.970304097e-04 4.050716816e-04 3.940959577e-04
 3.739344247e-04 3.669165599e-04 4.132519825e-04 5.663685733e-04 8.854576154e-04
 1.411233214e-03 2.127247164e-03 2.987659769e-03 3.963651136e-03 5.034228321e-03
 6.174681708e-03 7.364889607e-03 8.591972291e-03 9.850681759e-03 1.113542169e-02
 1.255975384e-02 1.402531751e-02 1.551098563e-02 1.700927317e-02 1.851575449e-02
 2.002918907e-02 2.154877037e-02 2.307327464e-02 2.460091934e-02 2.612940222e-02
 2.765593305e-02 2.917729877e-02 3.068990447e-02 3.218982741e-02 3.367286921e-02
 3.513462096e-02 3.657051176e-02 3.797587752e-02 3.934600949e-02 4.067620263e-02
 4.196178913e-02 4.319813102e-02 4.438060522e-02 4.550458863e-02 4.656567425e-02
 4.756105319e-02 4.849290848e-02 4.936540127e-02 5.022544041e-02 5.114975199e-02
 5.201683939e-02 5.282431841e-02 5.356772989e-02 5.424787849e-02 5.486805737e-02
 5.543183908e-02 5.594262108e-02 5.640356988e-02 5.681768432e-02 5.718781427e-02
 5.720307672e-05 1.224448206e-04 2.012201003e-04 2.814397449e-04 3.498216684e-04
 4.059563216e-04 4.408993700e-04 4.225249868e-04 3.391286882e-04 1.806259970e-04
-5.944039003e-05-3.791728232e-04-7.561129169e-04-1.126889139e-03-1.051686471e-03
-2.896091901e-04 8.053134661e-04 2.030674135e-03 3.315156093e-03 4.676139913e-03
 6.079104263e-03 7.501057815e-03 8.925659582e-03 1.037115417e-02 1.185557060e-02
 1.339654252e-02 1.498615369e-02 1.660864800e-02 1.823096536e-02 1.985685900e-02
 2.148916200e-02 2.312831394e-02 2.477354929e-02 2.642322704e-02 2.807497419e-02
 2.972575836e-02 3.137195110e-02 3.300939128e-02 3.463345021e-02 3.623911366e-02
 3.782106191e-02 3.937375546e-02 4.089153558e-02 4.236872122e-02 4.379970208e-02
 4.517901316e-02 4.650140554e-02 4.776184261e-02 4.895539209e-02 5.007673055e-02
 5.111822486e-02 5.208067596e-02 5.300186574e-02 5.389797315e-02 5.478153005e-02
 5.563591793e-02 5.642771721e-02 5.714053661e-02 5.778321251e-02 5.836110190e-02
 5.887841806e-02 5.933897942e-02 5.974641442e-02 6.010421738e-02 6.041575223e-02
 9.743131523e-05 2.085576270e-04 3.429946955e-04 4.814182466e-04 6.045822520e-04
 7.039189222e-04 7.462198846e-04 7.034814334e-04 5.477599334e-04 2.490865591e-04
-2.281417983e-04-9.300220991e-04-1.922285534e-03-3.319655778e-03-3.800328588e-03
-2.609202173e-03-9.868368506e-04 8.390087751e-04 2.660681726e-03 4.448530264e-03
 6.189336535e-03 7.889485918e-03 9.561317042e-03 1.121974736e-02 1.287900750e-02
 1.454949379e-02 1.623649523e-02 1.794032380e-02 1.965888403e-02 2.139081620e-02
 2.313550934e-02 2.489229478e-02 2.665993571e-02 2.843643725e-02 3.021899983e-02
 3.200402483e-02 3.378715739e-02 3.556333855e-02 3.732688725e-02 3.907159343e-02
 4.079083353e-02 4.247768223e-02 4.412508011e-02 4.572599009e-02 4.727354273e-02
 4.876124114e-02 5.018311739e-02 5.153394490e-02 5.280948803e-02 5.400696024e-02
 5.512588471e-02 5.616924539e-02 5.714310706e-02 5.805303156e-02 5.890147388e-02
 5.968707427e-02 6.040589139e-02 6.105523184e-02 6.163545698e-02 6.214897707e-02
 6.259918958e-02 6.298993528e-02 6.332516670e-02 6.360885501e-02 6.384487450e-02
 1.752302487e-04 3.755857470e-04 6.196339964e-04 8.760189521e-04 1.113322563e-03
 1.310038962e-03 1.422816887e-03 1.419093809e-03 1.263870159e-03 9.167288081e-04
 3.272446338e-04-5.711510894e-04-1.867761253e-03-3.689471399e-03-4.778472241e-03
-4.453178030e-03-2.665467327e-03 1.780937746e-04 2.618968720e-03 4.798636306e-03
 6.810020655e-03 8.712208830e-03 1.054577436e-02 1.233990956e-02 1.411598828e-02
 1.588908955e-02 1.766945980e-02 1.946382783e-02 2.127622999e-02 2.310874313e-02
 2.496212348e-02 2.683604136e-02 2.872914448e-02 3.063905239e-02 3.256235644e-02
 3.449463844e-02 3.643049300e-02 3.836359084e-02 4.028676078e-02 4.219208658e-02
 4.407107458e-02 4.591479897e-02 4.771414399e-02 4.946000502e-02 5.114357919e-02
 5.275662616e-02 5.429175496e-02 5.574270710e-02 5.710464716e-02 5.837442353e-02
 5.955074355e-02 6.063411385e-02 6.162638217e-02 6.253018230e-02 6.334819645e-02
 6.408279389e-02 6.473632902e-02 6.531143188e-02 6.581130624e-02 6.623987108e-02
 6.660153717e-02 6.690102071e-02 6.714311242e-02 6.733255833e-02 6.747394055e-02
 3.203049127e-04 6.841573049e-04 1.124132774e-03 1.584160142e-03 2.013320802e-03
 2.374407370e-03 2.627017209e-03 2.739601070e-03 2.679985948e-03 2.415538998e-03
 1.904473873e-03 1.088864286e-03-1.234303490e-04-1.905214973e-03-3.047862090e-03
-2.871848876e-03-1.199032529e-03 1.620684867e-03 4.048155155e-03 6.220342591e-03
 8.232619613e-03 1.014657225e-02 1.200184692e-02 1.382851787e-02 1.564612053e-02
 1.746906713e-02 1.930831559e-02 2.117163315e-02 2.306416817e-02 2.498899959e-02
 2.694747038e-02 2.893941849e-02 3.096330352e-02 3.301625326e-02 3.509408608e-02
 3.719132394e-02 3.930120543e-02 4.141571745e-02 4.352567717e-02 4.562084004e-02
 4.769006744e-02 4.972155765e-02 5.170312524e-02 5.362254754e-02 5.546795949e-02
 5.722824484e-02 5.889347196e-02 6.045527011e-02 6.190714240e-02 6.324468553e-02
 6.446567923e-02 6.556997448e-02 6.655932218e-02 6.743693352e-02 6.820713729e-02
 6.887507439e-02 6.944640726e-02 6.992720813e-02 7.032383978e-02 7.064281404e-02
 7.089066505e-02 7.107383758e-02 7.119853795e-02 7.127065957e-02 7.129570097e-02
 5.976309767e-04 1.267264481e-03 2.056577243e-03 2.847884316e-03 3.540134756e-03
 4.093648400e-03 4.528011195e-03 4.812576808e-03 4.902873654e-03 4.795891698e-03
 4.497518763e-03 4.014054313e-03 3.357642563e-03 2.595983678e-03 2.162117045e-03
 2.437351970e-03 3.522100160e-03 5.180975888e-03 6.927988958e-03 8.678642102e-03
 1.042006537e-02 1.215741504e-02 1.389989909e-02 1.565834880e-02 1.744264364e-02
 1.926117018e-02 2.112071775e-02 2.302650549e-02 2.498221584e-02 2.699005790e-02
 2.905081026e-02 3.116383404e-02 3.332705423e-02 3.553692251e-02 3.778834268e-02
 4.007460922e-02 4.238736257e-02 4.471653700e-02 4.705039784e-02 4.937561601e-02
 5.167742446e-02 5.393991619e-02 5.614639819e-02 5.827991292e-02 6.032381579e-02
 6.226244941e-02 6.408180296e-02 6.577012688e-02 6.731847674e-02 6.872098148e-02
 6.997503340e-02 7.108111680e-02 7.204255462e-02 7.286503911e-02 7.355608046e-02
 7.412450761e-02 7.457989454e-02 7.493220270e-02 7.519137859e-02 7.536710799e-02
 7.546862215e-02 7.550456375e-02 7.548288256e-02 7.541085035e-02 7.529498637e-02
 1.148809330e-03 2.432631794e-03 3.906364553e-03 5.278496072e-03 6.331764162e-03
 7.041317876e-03 7.533892058e-03 7.838575169e-03 7.948276587e-03 7.906259969e-03
 7.754789200e-03 7.538205478e-03 7.316078059e-03 7.174361032e-03 7.219781168e-03
 7.546187844e-03 8.190926164e-03 9.121883661e-03 1.026969589e-02 1.156866085e-02
 1.297600940e-02 1.446905360e-02 1.603691466e-02 1.767551154e-02 1.938443072e-02
 2.116504312e-02 2.301939949e-02 2.494955435e-02 2.695713006e-02 2.904301696e-02
 3.120715171e-02 3.344831243e-02 3.576393053e-02 3.814990446e-02 4.060038552e-02
 4.310757294e-02 4.566152766e-02 4.824998230e-02 5.085822940e-02 5.346907675e-02
 5.606296659e-02 5.861821026e-02 6.111150235e-02 6.351863593e-02 6.581543386e-02
 6.797889620e-02 6.998838484e-02 7.182679325e-02 7.348149270e-02 7.494492084e-02
 7.621482015e-02 7.729394734e-02 7.818944007e-02 7.891196012e-02 7.947470993e-02
 7.989239693e-02 8.018036187e-02 8.035384119e-02 8.042743802e-02 8.041474968e-02
 8.032816648e-02 8.017877489e-02 7.997635752e-02 7.972945273e-02 7.944543660e-02
 2.192630898e-03 4.832026549e-03 8.009100333e-03 1.047976129e-02 1.151044946e-02
 1.180048566e-02 1.183843613e-02 1.176006719e-02 1.161457505e-02 1.143050659e-02
 1.123451069e-02 1.105688047e-02 1.093386579e-02 1.090697292e-02 1.101830043e-02
 1.130233053e-02 1.177846268e-02 1.244845893e-02 1.329995785e-02 1.431403682e-02
 1.547195762e-02 1.675881073e-02 1.816424169e-02 1.968184114e-02 2.130818367e-02
 2.304186299e-02 2.488272078e-02 2.683122456e-02 2.888797410e-02 3.105331771e-02
 3.332700208e-02 3.570786119e-02 3.819350526e-02 4.077998176e-02 4.346142337e-02
 4.622964561e-02 4.907374457e-02 5.197964981e-02 5.492973328e-02 5.790247768e-02
 6.087230891e-02 6.380970031e-02 6.668163836e-02 6.945259124e-02 7.208605111e-02
 7.454654574e-02 7.680197060e-02 7.882602513e-02 8.060012758e-02 8.211471140e-02
 8.336938173e-02 8.437232673e-02 8.513886482e-02 8.568932861e-02 8.604707569e-02
 8.623658866e-02 8.628199250e-02 8.620599657e-02 8.602917939e-02 8.576975018e-02
 8.544341475e-02 8.506353199e-02 8.464130014e-02 8.418598771e-02 8.370523900e-02
 3.505229019e-03 8.135122247e-03 1.493517496e-02 1.922751218e-02 1.834555343e-02
 1.727447286e-02 1.649805531e-02 1.587991044e-02 1.536472887e-02 1.493089925e-02
 1.457328629e-02 1.429708488e-02 1.411458943e-02 1.404237002e-02 1.409820095e-02
 1.429795753e-02 1.465300284e-02 1.516893134e-02 1.584605686e-02 1.668096706e-02
 1.766848192e-02 1.880326681e-02 2.008088864e-02 2.149824798e-02 2.305362187e-02
 2.474647202e-02 2.657716163e-02 2.854662947e-02 3.065607511e-02 3.290664777e-02
 3.529913351e-02 3.783363476e-02 4.050919414e-02 4.332337901e-02 4.627179354e-02
 4.934746400e-02 5.254016072e-02 5.583557487e-02 5.921442062e-02 6.265147030e-02
 6.611469388e-02 6.956466287e-02 7.295452803e-02 7.623092830e-02 7.933624089e-02
 8.221228421e-02 8.480525017e-02 8.707100153e-02 8.898007125e-02 9.052044153e-02
 9.169808775e-02 9.253448993e-02 9.306228161e-02 9.332102537e-02 9.335252643e-02
 9.319744259e-02 9.289294481e-02 9.247156233e-02 9.196078777e-02 9.138324857e-02
 9.075716883e-02 9.009699523e-02 8.941402286e-02 8.871696144e-02 8.801248670e-02
 4.366915207e-03 1.003426407e-02 1.803181320e-02 2.318252809e-02 2.254261076e-02
 2.135817893e-02 2.028727531e-02 1.936169714e-02 1.860261522e-02 1.797608100e-02
 1.746707037e-02 1.707060449e-02 1.678827778e-02 1.662585326e-02 1.659126207e-02
 1.669288054e-02 1.693824306e-02 1.733325049e-02 1.788191125e-02 1.858658902e-02
 1.944849826e-02 2.046831325e-02 2.164665982e-02 2.298447303e-02 2.448317595e-02
 2.614474855e-02 2.797167934e-02 2.996686660e-02 3.213347867e-02 3.447478265e-02
 3.699395061e-02 3.969378024e-02 4.257640243e-02 4.564284533e-02 4.889247194e-02
 5.232224613e-02 5.592578650e-02 5.969212204e-02 6.360408664e-02 6.763634086e-02
 7.175295055e-02 7.590488344e-02 8.002774417e-02 8.404093236e-02 8.784954250e-02
 9.135054797e-02 9.444376826e-02 9.704650939e-02 9.910628945e-02 1.006093696e-01
 1.015798226e-01 1.020723134e-01 1.021607295e-01 1.019238234e-01 1.014365628e-01
 1.007646620e-01 9.996237606e-02 9.907257557e-02 9.812799841e-02 9.715294093e-02
 9.616499394e-02 9.517662972e-02 9.419644624e-02 9.323021770e-02 9.228166193e-02
 4.802253097e-03 1.094788499e-02 1.947911642e-02 2.509809658e-02 2.477040514e-02
 2.372073755e-02 2.273248136e-02 2.182809077e-02 2.102511562e-02 2.032819949e-02
 1.973857917e-02 1.925797574e-02 1.888984628e-02 1.863935962e-02 1.851292700e-02
 1.851759851e-02 1.866049133e-02 1.894837990e-02 1.938745566e-02 1.998328604e-02
 2.074089646e-02 2.166495286e-02 2.275995351e-02 2.403041534e-02 2.548101544e-02
 2.711668983e-02 2.894269861e-02 3.096463531e-02 3.318845108e-02 3.562043235e-02
 3.826716170e-02 4.113544524e-02 4.423217103e-02 4.756400362e-02 5.113695562e-02
 5.495565757e-02 5.902237818e-02 6.333564967e-02 6.788834929e-02 7.266467065e-02
 7.763559371e-02 8.275248855e-02 8.793868870e-02 9.308030456e-02 9.801994264e-02
 1.025606841e-01 1.064892858e-01 1.096173748e-01 1.118316576e-01 1.131213829e-01
 1.135770679e-01 1.133535355e-01 1.126211211e-01 1.115385965e-01 1.102347821e-01
 1.088059917e-01 1.073201299e-01 1.058227569e-01 1.043430194e-01 1.028985232e-01
 1.014990881e-01 1.001493782e-01 9.885081649e-02 9.760279208e-02 9.640355408e-02
 5.020972807e-03 1.140822191e-02 2.021659166e-02 2.610599063e-02 2.600717358e-02
 2.512746304e-02 2.426717617e-02 2.344673686e-02 2.268126607e-02 2.198348194e-02
 2.136465907e-02 2.083438635e-02 2.040146478e-02 2.007451653e-02 1.986225508e-02
 1.977352239e-02 1.981720701e-02 2.000212856e-02 2.033691853e-02 2.082995512e-02
 2.148934640e-02 2.232297324e-02 2.333855443e-02 2.454374731e-02 2.594623528e-02
 2.755384147e-02 2.937462740e-02 3.141700104e-02 3.368984535e-02 3.620266169e-02
 3.896577656e-02 4.199058935e-02 4.528984055e-02 4.887784272e-02 5.277001485e-02
 5.698237196e-02 6.153088063e-02 6.643103063e-02 7.169691473e-02 7.733955979e-02
 8.336251974e-02 8.975271881e-02 9.646363556e-02 1.033853292e-01 1.102970243e-01
 1.168138161e-01 1.223915815e-01 1.264944971e-01 1.288090795e-01 1.293629110e-01
 1.284991056e-01 1.267087758e-01 1.244247332e-01 1.219306439e-01 1.194013432e-01
 1.169361621e-01 1.145850793e-01 1.123683974e-01 1.102897078e-01 1.083438322e-01
 1.065214574e-01 1.048117206e-01 1.032036543e-01 1.016869098e-01 1.002520472e-01
 5.135689396e-03 1.165199094e-02 2.061394043e-02 2.665523440e-02 2.666317858e-02
 2.590903640e-02 2.519579791e-02 2.445804700e-02 2.373483032e-02 2.304700203e-02
 2.241085470e-02 2.184040472e-02 2.134835348e-02 2.094671689e-02 2.064719610e-02
 2.046139538e-02 2.040090784e-02 2.047732659e-02 2.070217393e-02 2.108679712e-02
 2.164230682e-02 2.237954363e-02 2.330914512e-02 2.444157563e-02 2.578720637e-02
 2.735641599e-02 2.915972471e-02 3.120795637e-02 3.351242468e-02 3.608518466e-02
 3.893934190e-02 4.208960012e-02 4.555338994e-02 4.935321957e-02 5.351934209e-02
 5.808115751e-02 6.307107210e-02 6.852146983e-02 7.447188348e-02 8.097643405e-02
 8.810354769e-02 9.593566507e-02 1.045663655e-01 1.140864268e-01 1.245239526e-01
 1.357054561e-01 1.456989944e-01 1.520861089e-01 1.542487741e-01 1.519946158e-01
 1.469667405e-01 1.417077631e-01 1.367226243e-01 1.321308315e-01 1.280133575e-01
 1.243481189e-01 1.210822165e-01 1.181581244e-01 1.155229583e-01 1.131311506e-01
 1.109445542e-01 1.089317203e-01 1.070668325e-01 1.053287983e-01 1.037003472e-01
 5.197762046e-03 1.178608555e-02 2.083948813e-02 2.698593028e-02 2.712733112e-02
 2.645563520e-02 2.575708367e-02 2.504346333e-02 2.432920039e-02 2.362991869e-02
 2.296113223e-02 2.233779244e-02 2.177437581e-02 2.128509618e-02 2.088413015e-02
 2.058579586e-02 2.040465549e-02 2.035554871e-02 2.045341395e-02 2.071294561e-02
 2.114836313e-02 2.177333087e-02 2.260124683e-02 2.364511602e-02 2.491756901e-02
 2.643105201e-02 2.819797955e-02 3.023090400e-02 3.254270926e-02 3.514684364e-02
 3.805756196e-02 4.129010811e-02 4.486059397e-02 4.882353544e-02 5.320135877e-02
 5.800950155e-02 6.328897178e-02 6.913319230e-02 7.557470351e-02 8.269510418e-02
 9.062325209e-02 9.953909367e-02 1.097046062e-01 1.215172783e-01 1.356049329e-01
 1.531710178e-01 1.686253995e-01 1.775720268e-01 1.802998632e-01 1.765228212e-01
 1.665907055e-01 1.550305933e-01 1.465468854e-01 1.398390085e-01 1.343719959e-01
 1.298065931e-01 1.259146184e-01 1.225371212e-01 1.195603460e-01 1.169010401e-01
 1.144971922e-01 1.123018637e-01 1.102791354e-01 1.084012017e-01 1.066463143e-01
 5.228897091e-03 1.185354684e-02 2.095015533e-02 2.714641020e-02 2.733832784e-02
 2.669942752e-02 2.601267025e-02 2.529327944e-02 2.455596067e-02 2.381544746e-02
 2.308657952e-02 2.238434367e-02 2.172393166e-02 2.112087421e-02 2.059121244e-02
 2.015169337e-02 1.981980726e-02 1.961445995e-02 1.955557615e-02 1.966217160e-02
 1.995180175e-02 2.043952234e-02 2.114211395e-02 2.207499370e-02 2.325238101e-02
 2.468810789e-02 2.639581822e-02 2.838891745e-02 3.068097495e-02 3.328589723e-02
 3.621819615e-02 3.949319571e-02 4.312641919e-02 4.716613144e-02 5.164121836e-02
 5.656503886e-02 6.197725981e-02 6.796759367e-02 7.456085086e-02 8.183859289e-02
 8.992260695e-02 9.898177534e-02 1.092602685e-01 1.211275533e-01 1.351809055e-01
 1.526546329e-01 1.682279259e-01 1.775951833e-01 1.811680049e-01 1.787546724e-01
 1.694878638e-01 1.575340331e-01 1.488666981e-01 1.421455741e-01 1.367255896e-01
 1.322201341e-01 1.283817291e-01 1.250439286e-01 1.220907047e-01 1.194389090e-01
 1.170278192e-01 1.148123592e-01 1.127586737e-01 1.108409986e-01 1.090395451e-01
 5.239074584e-03 1.187471673e-02 2.098685503e-02 2.719332464e-02 2.738403156e-02
 2.673759311e-02 2.602928318e-02 2.527208067e-02 2.447939850e-02 2.366500534e-02
 2.284310199e-02 2.202841640e-02 2.123631351e-02 2.048295923e-02 1.978547871e-02
 1.916283742e-02 1.863810234e-02 1.823471859e-02 1.797639765e-02 1.788662188e-02
 1.798814535e-02 1.830246486e-02 1.884945668e-02 1.964600757e-02 2.070399933e-02
 2.203792520e-02 2.366293222e-02 2.559201792e-02 2.783847973e-02 3.041554056e-02
 3.333673254e-02 3.661660105e-02 4.027168080e-02 4.432234913e-02 4.879337177e-02
 5.371040478e-02 5.910051614e-02 6.499224156e-02 7.141879946e-02 7.842352241e-02
 8.605942875e-02 9.438682348e-02 1.034658551e-01 1.133329272e-01 1.239213198e-01
 1.348397881e-01 1.446059197e-01 1.515948772e-01 1.552522928e-01 1.554392427e-01
 1.524530351e-01 1.478436291e-01 1.431855112e-01 1.389027089e-01 1.350669563e-01
 1.316383779e-01 1.285540462e-01 1.257533729e-01 1.231851056e-01 1.208081543e-01
 1.185904518e-01 1.165073514e-01 1.145399809e-01 1.126738712e-01 1.108978540e-01
 5.234216340e-03 1.186249219e-02 2.095660940e-02 2.714248188e-02 2.731071599e-02
 2.662374265e-02 2.586076967e-02 2.503264137e-02 2.415094525e-02 2.322804183e-02
 2.227708139e-02 2.131205611e-02 2.034791932e-02 1.940067485e-02 1.849081740e-02
 1.764263026e-02 1.688182727e-02 1.623518765e-02 1.573019661e-02 1.539461501e-02
 1.525596436e-02 1.534095965e-02 1.567484811e-02 1.628063433e-02 1.717825979e-02
 1.838414371e-02 1.990904473e-02 2.175397612e-02 2.393446863e-02 2.646193653e-02
 2.934649587e-02 3.259859234e-02 3.622884303e-02 4.024830833e-02 4.466822743e-02
 4.949946329e-02 5.475174636e-02 6.043285504e-02 6.654769927e-02 7.309570909e-02
 8.006591350e-02 8.742767572e-02 9.511441737e-02 1.029969677e-01 1.108445227e-01
 1.182847768e-01 1.249514446e-01 1.304005235e-01 1.342177689e-01 1.363373250e-01
 1.369329393e-01 1.363675892e-01 1.350522339e-01 1.333203763e-01 1.313847452e-01
 1.293659657e-01 1.273280680e-01 1.253038496e-01 1.233100295e-01 1.213554218e-01
 1.194451377e-01 1.175825149e-01 1.157699823e-01 1.140093729e-01 1.123019755e-01
 5.218168255e-03 1.182518527e-02 2.089413255e-02 2.703784406e-02 2.714336850e-02
 2.638968639e-02 2.554404363e-02 2.461484075e-02 2.361197397e-02 2.254632115e-02
 2.142971009e-02 2.027497999e-02 1.909603551e-02 1.791317947e-02 1.675073616e-02
 1.563515700e-02 1.459477376e-02 1.365948375e-02 1.286035683e-02 1.222917344e-02
 1.179788355e-02 1.159800962e-02 1.165997609e-02 1.201236993e-02 1.268112846e-02
 1.368862111e-02 1.505251601e-02 1.678459533e-02 1.889043301e-02 2.136350982e-02
 2.420336567e-02 2.741796710e-02 3.101067990e-02 3.498422354e-02 3.933948651e-02
 4.407515004e-02 4.918654263e-02 5.466419458e-02 6.049169227e-02 6.664256006e-02
 7.307568192e-02 7.972904295e-02 8.651197702e-02 9.329698980e-02 9.991467744e-02
 1.061581820e-01 1.119054481e-01 1.169701666e-01 1.211042479e-01 1.242467687e-01
 1.264230609e-01 1.277287900e-01 1.283006072e-01 1.282815039e-01 1.278013438e-01
 1.269677728e-01 1.258667260e-01 1.245665252e-01 1.231217012e-01 1.215762720e-01
 1.199658662e-01 1.183192283e-01 1.166592687e-01 1.150039509e-01 1.133670732e-01
 5.193863064e-03 1.176929474e-02 2.078355104e-02 2.686368674e-02 2.690125257e-02
 2.606163733e-02 2.510924824e-02 2.405196801e-02 2.289836667e-02 2.165779658e-02
 2.034049667e-02 1.895767264e-02 1.752761379e-02 1.607356593e-02 1.462151576e-02
 1.320003346e-02 1.184002589e-02 1.057440974e-02 9.437683970e-03 8.465429768e-03
 7.693739608e-03 7.158577442e-03 6.895094644e-03 6.936892867e-03 7.315232884e-03
 8.058182895e-03 9.189667180e-03 1.072840393e-02 1.268662326e-02 1.506843604e-02
 1.786883362e-02 2.106848545e-02 2.464519069e-02 2.859995328e-02 3.292541951e-02
 3.761195391e-02 4.264588282e-02 4.800846800e-02 5.367409810e-02 5.960815400e-02
 6.576449424e-02 7.208263129e-02 7.848520577e-02 8.487668633e-02 9.114494175e-02
 9.717115760e-02 1.028519794e-01 1.080665514e-01 1.126822904e-01 1.166137457e-01
 1.198174134e-01 1.222849861e-01 1.240393668e-01 1.251293570e-01 1.256217659e-01
 1.255954504e-01 1.251345724e-01 1.243222803e-01 1.232368648e-01 1.219482422e-01
 1.205162629e-01 1.189902723e-01 1.174096763e-01 1.158050522e-01 1.141994745e-01
 5.163717549e-03 1.170044020e-02 2.066881768e-02 2.667780221e-02 2.661424875e-02
 2.566571161e-02 2.458377555e-02 2.337423898e-02 2.204369195e-02 2.059950680e-02
 1.904987730e-02 1.740932837e-02 1.569908671e-02 1.394364238e-02 1.217066590e-02
 1.041086670e-02 8.697728626e-03 7.067141123e-03 5.556938704e-03 4.206340294e-03
 3.055325942e-03 2.143953694e-03 1.511643408e-03 1.196437050e-03 1.234237687e-03
 1.658023102e-03 2.497009933e-03 3.775729565e-03 5.512972828e-03 7.720490452e-03
 1.040137839e-02 1.354795508e-02 1.713994332e-02 2.113967016e-02 2.550308406e-02
 3.022227250e-02 3.527892753e-02 4.065141082e-02 4.631340131e-02 5.223269388e-02
 5.836986378e-02 6.467716396e-02 7.109753042e-02 7.756415009e-02 8.400070667e-02
 9.032206982e-02 9.643404186e-02 1.022326723e-01 1.076061651e-01 1.124406457e-01
 1.166281477e-01 1.200801060e-01 1.227388382e-01 1.245892569e-01 1.256659627e-01
 1.260452718e-01 1.258330047e-01 1.251487285e-01 1.241074950e-01 1.228109151e-01
 1.213429645e-01 1.197695807e-01 1.181405932e-01 1.164924279e-01 1.148509607e-01
 5.129427183e-03 1.162228175e-02 2.051626332e-02 2.644244954e-02 2.629035898e-02
 2.521822415e-02 2.398987114e-02 2.260910906e-02 2.108051814e-02 1.940925792e-02
 1.760454290e-02 1.568480581e-02 1.367214601e-02 1.159236208e-02 9.474894963e-03
 7.352665067e-03 5.261779297e-03 3.241119441e-03 1.331812353e-03-4.233959480e-04
-1.980839530e-03-3.296678653e-03-4.327663220e-03-5.031891167e-03-5.369542632e-03
-5.303596146e-03-4.800531548e-03-3.831064561e-03-2.370969392e-03-4.020580382e-04
 2.086591907e-03 5.097043701e-03 8.620417677e-03 1.263413578e-02 1.709926501e-02
 2.195460163e-02 2.714502439e-02 3.265534341e-02 3.846297041e-02 4.454281926e-02
 5.086730793e-02 5.740541220e-02 6.412214786e-02 7.097771764e-02 7.792600244e-02
 8.491165191e-02 9.186498076e-02 9.869366139e-02 1.052714959e-01 1.114277467e-01
 1.169481874e-01 1.215926558e-01 1.251592040e-01 1.275471598e-01 1.287839115e-01
 1.290231198e-01 1.284864247e-01 1.273946464e-01 1.259391755e-01 1.242660433e-01
 1.224792823e-01 1.206494495e-01 1.188225597e-01 1.170274690e-01 1.152813956e-01
 5.092353560e-03 1.153781079e-02 2.037683688e-02 2.621608973e-02 2.594031207e-02
 2.473490126e-02 2.334858477e-02 2.178338729e-02 2.004195936e-02 1.812740974e-02
 1.605426148e-02 1.384153869e-02 1.151234098e-02 9.093912318e-03 6.617590319e-03
 4.118620418e-03 1.635827590e-03-7.888608961e-04-3.111021593e-03-5.284451414e-03
-7.261960767e-03-8.996204473e-03-1.044050977e-02-1.154967211e-02-1.228067465e-02
-1.259334385e-02-1.245091669e-02-1.182057802e-02-1.067399886e-02-8.987952955e-03
-6.745135412e-03-3.935267217e-03-5.566215841e-04 3.381915623e-03 7.858074270e-03
 1.283260714e-02 1.824613847e-02 2.400847711e-02 3.008152544e-02 3.645041957e-02
 4.310131073e-02 5.002214015e-02 5.720282346e-02 6.463550031e-02 7.231423259e-02
 8.023294806e-02 8.837988973e-02 9.672424942e-02 1.051860303e-01 1.135710701e-01
 1.214573681e-01 1.281745732e-01 1.330457032e-01 1.357207894e-01 1.362949610e-01
 1.352805048e-01 1.333464682e-01 1.309918761e-01 1.284967959e-01 1.260159761e-01
 1.236262172e-01 1.213600636e-01 1.192267016e-01 1.172236353e-01 1.153430566e-01
 5.053855944e-03 1.145008206e-02 2.020381950e-02 2.595118433e-02 2.557631768e-02
 2.423222736e-02 2.268133685e-02 2.092386782e-02 1.896024495e-02 1.679703593e-02
 1.444988418e-02 1.193863340e-02 9.287579916e-03 6.525578909e-03 3.686010605e-03
 8.065769798e-04-2.071076538e-03-4.901908338e-03-7.638182957e-03-1.023029443e-02
-1.262767147e-02-1.477971673e-02-1.663671620e-02-1.815069467e-02-1.927613467e-02
-1.997059025e-02-2.019513398e-02-1.991470344e-02-1.909836195e-02-1.771957614e-02
-1.575656235e-02-1.319289859e-02-1.001845673e-02-6.230888888e-03-1.837739022e-03
 3.140659537e-03 8.667290211e-03 1.468353998e-02 2.110602334e-02 2.783583663e-02
 3.487719595e-02 4.223458841e-02 4.992103204e-02 5.796110630e-02 6.639467180e-02
 7.528226823e-02 8.471222967e-02 9.481059015e-02 1.057560369e-01 1.178159267e-01
 1.316414326e-01 1.435076594e-01 1.507598758e-01 1.533991545e-01 1.506087333e-01
 1.448019892e-01 1.394876391e-01 1.347702593e-01 1.306733638e-01 1.271307766e-01
 1.240479797e-01 1.213385239e-01 1.189312041e-01 1.167694405e-01 1.148087159e-01
 5.015350878e-03 1.136235986e-02 2.006148174e-02 2.571726777e-02 2.521147020e-02
 2.372775599e-02 2.201085351e-02 2.005971409e-02 1.787311397e-02 1.546212099e-02
 1.284274179e-02 1.003562752e-02 7.066322956e-03 3.965383861e-03 7.683313452e-04
-2.484583529e-03-5.748819560e-03-8.976179175e-03-1.211562008e-02-1.511420216e-02
-1.791812293e-02-2.047378011e-02-2.272878587e-02-2.463288978e-02-2.613873221e-02
-2.720241994e-02-2.778388932e-02-2.784708515e-02-2.735997923e-02-2.629451640e-02
-2.462657541e-02-2.233607508e-02-1.940735430e-02-1.583001763e-02-1.160040405e-02
-6.723868661e-03-1.217977260e-03 4.883260000e-03 1.152392011e-02 1.862012036e-02
 2.605085075e-02 3.380857036e-02 4.191894829e-02 5.042380467e-02 5.938865989e-02
 6.891313195e-02 7.914857566e-02 9.032744169e-02 1.028128341e-01 1.171734333e-01
 1.342699230e-01 1.489404887e-01 1.579125822e-01 1.614665538e-01 1.595085561e-01
 1.517037153e-01 1.422437429e-01 1.354164332e-01 1.302136779e-01 1.260910779e-01
 1.227200925e-01 1.198913604e-01 1.174653172e-01 1.153454110e-01 1.134627908e-01
 4.978161305e-03 1.127779577e-02 1.989466697e-02 2.546297386e-02 2.486228198e-02
 2.323961630e-02 2.135858499e-02 1.921658777e-02 1.681445539e-02 1.416416653e-02
 1.128229033e-02 8.190402761e-03 4.915387835e-03 1.489579096e-03-2.049297094e-03
-5.658394657e-03-9.290254675e-03-1.289353613e-02-1.641394570e-02-1.979532465e-02
-2.298081666e-02-2.591407485e-02-2.854039334e-02-3.080770373e-02-3.266739473e-02
-3.407485783e-02-3.498980030e-02-3.537628427e-02-3.520254418e-02-3.444067761e-02
-3.306624666e-02-3.105798550e-02-2.839768305e-02-2.507048473e-02-2.106574923e-02
-1.637867838e-02-1.101294160e-02-4.984466825e-03 1.673543826e-03 8.904187009e-03
 1.661906205e-02 2.469292097e-02 3.307753429e-02 4.180847108e-02 5.093767121e-02
 6.054121628e-02 7.072832435e-02 8.165601641e-02 9.355438501e-02 1.067884788e-01
 1.221868023e-01 1.354550570e-01 1.440328658e-01 1.482121497e-01 1.478517503e-01
 1.422677338e-01 1.348443776e-01 1.294362247e-01 1.252127290e-01 1.218113229e-01
 1.190040186e-01 1.166364551e-01 1.146003827e-01 1.128179803e-01 1.112321764e-01
 4.943143111e-03 1.119823754e-02 1.976740360e-02 2.525500767e-02 2.453661151e-02
 2.278027683e-02 2.074361406e-02 1.842136867e-02 1.581702940e-02 1.294270437e-02
 9.815490805e-03 6.457902491e-03 2.898184117e-03-8.295426960e-04-4.685351159e-03
-8.623830043e-03-1.259466168e-02-1.654345542e-02-2.041280083e-02-2.414349280e-02
-2.767585404e-02-3.095107712e-02-3.391247243e-02-3.650658205e-02-3.868402541e-02
-4.040008411e-02-4.161494970e-02-4.229366779e-02-4.240582138e-02-4.192497954e-02
-4.082805291e-02-3.909466416e-02-3.670666367e-02-3.364795446e-02-2.990487963e-02
-2.546727471e-02-2.033053525e-02-1.449882425e-02-7.989726961e-03-8.403732791e-04
 6.885021925e-03 1.508596726e-02 2.361770347e-02 3.237932920e-02 4.138666764e-02
 5.065682903e-02 6.020481884e-02 7.003054023e-02 8.008897305e-02 9.021899849e-02
 9.999849647e-02 1.086140126e-01 1.152946353e-01 1.196643114e-01 1.216749772e-01
 1.216362566e-01 1.203167066e-01 1.185235232e-01 1.166732833e-01 1.149265692e-01
 1.133295819e-01 1.118830517e-01 1.105711535e-01 1.093735918e-01 1.082704440e-01
 4.910971038e-03 1.112497970e-02 1.962358132e-02 2.503326535e-02 2.423196658e-02
 2.235819213e-02 2.018200420e-02 1.769723184e-02 1.491039246e-02 1.183392666e-02
 8.485545404e-03 4.888727330e-03 1.073066844e-03-2.925574081e-03-7.065153215e-03
-1.129781455e-02-1.557053626e-02-1.982607134e-02-2.400411665e-02-2.804267965e-02
-3.187954426e-02-3.545374796e-02-3.870695829e-02-4.158467799e-02-4.403715208e-02
-4.601997510e-02-4.749431089e-02-4.842676222e-02-4.878894240e-02-4.855677485e-02
-4.770963266e-02-4.622947425e-02-4.410005733e-02-4.130645841e-02-3.783502802e-02
-3.367404267e-02-2.881525643e-02-2.325659618e-02-1.700628735e-02-1.008859836e-02
-2.551327460e-03 5.525185261e-03 1.401739381e-02 2.274880745e-02 3.155748919e-02
 4.041880369e-02 4.929148033e-02 5.810801685e-02 6.675844640e-02 7.507287711e-02
 8.281388879e-02 8.971213549e-02 9.552032501e-02 1.000819206e-01 1.033760384e-01
 1.055221483e-01 1.067401543e-01 1.072860137e-01 1.073903963e-01 1.072212830e-01
 1.068887487e-01 1.064604148e-01 1.059761271e-01 1.054586172e-01 1.049203798e-01
 4.882649053e-03 1.106045209e-02 1.951932907e-02 2.486269921e-02 2.396412753e-02
 2.198801748e-02 1.969051175e-02 1.706564054e-02 1.412131730e-02 1.087036356e-02
 7.331137080e-03 3.528059693e-03-5.079993862e-04-4.739562515e-03-9.122648276e-03
-1.360717509e-02-1.813768595e-02-2.265437134e-02-2.709436044e-02-3.139321506e-02
-3.548652306e-02-3.931150213e-02-4.280850291e-02-4.592227563e-02-4.860296845e-02
-5.080673471e-02-5.249594525e-02-5.363902450e-02-5.420990288e-02-5.418723077e-02
-5.355335400e-02-5.229327828e-02-5.039367452e-02-4.784214869e-02-4.462689906e-02
-4.073704034e-02-3.616370261e-02-3.090227768e-02-2.495597489e-02-1.834096387e-02
-1.109325234e-02-3.277333220e-03 5.003878847e-03 1.359821856e-02 2.229509316e-02
 3.088837303e-02 3.932667896e-02 4.754232988e-02 5.544918776e-02 6.294215471e-02
 6.990312040e-02 7.621183991e-02 8.176756650e-02 8.650833368e-02 9.042236209e-02
 9.354972094e-02 9.597396106e-02 9.780295938e-02 9.914795309e-02 1.001109630e-01
 1.007771567e-01 1.012134999e-01 1.014707908e-01 1.015868336e-01 1.015896052e-01
 4.859216046e-03 1.100706961e-02 1.941423491e-02 2.470050938e-02 2.374295332e-02
 2.168268524e-02 1.928538829e-02 1.654633693e-02 1.347363275e-02 1.008045767e-02
 6.385745481e-03 2.414751099e-03-1.800544094e-03-6.221268792e-03-1.080177817e-02
-1.549009886e-02-2.022870816e-02-2.495564148e-02-2.960588783e-02-3.411297500e-02
-3.841069713e-02-4.243481532e-02-4.612465575e-02-4.942447320e-02-5.228446424e-02
-5.466142297e-02-5.651894584e-02-5.782721564e-02-5.856241286e-02-5.870582536e-02
-5.824272707e-02-5.716121569e-02-5.545106158e-02-5.310280994e-02-5.010720715e-02
-4.645524547e-02-4.213893786e-02-3.715311363e-02-3.149842471e-02-2.518582530e-02
-1.824268885e-02-1.072054449e-02-2.704270883e-03 5.678076763e-03 1.424586307e-02
 2.275953256e-02 3.101236746e-02 3.895511478e-02 4.653189331e-02 5.368174613e-02
 6.034215167e-02 6.645552069e-02 7.197558880e-02 7.687401026e-02 8.114501089e-02
 8.480610698e-02 8.789477497e-02 9.046299756e-02 9.257077426e-02 9.427938610e-02
 9.564679116e-02 9.672497213e-02 9.755887836e-02 9.818641841e-02 9.863916785e-02
 4.841510672e-03 1.096675359e-02 1.935029589e-02 2.459579892e-02 2.357622981e-02
 2.145264484e-02 1.898042299e-02 1.615584083e-02 1.298708282e-02 9.487582371e-03
 5.676712841e-03 1.580377109e-03-2.768577542e-03-7.330194116e-03-1.205753721e-02
-1.689716801e-02-2.178997546e-02-2.667234465e-02-3.147761896e-02-3.613780066e-02
-4.058532789e-02-4.475488514e-02-4.858507589e-02-5.201981962e-02-5.500943586e-02
-5.751130730e-02-5.949005857e-02-6.091734767e-02-6.177121028e-02-6.203511730e-02
-6.169678643e-02-6.074691936e-02-5.917796120e-02-5.698304996e-02-5.415532365e-02
-5.068771914e-02-4.657351226e-02-4.180774093e-02-3.638976440e-02-3.032715619e-02
-2.364110015e-02-1.637332514e-02-8.594403975e-03-4.129042500e-04 8.015770465e-03
 1.648241095e-02 2.472189069e-02 3.258955106e-02 4.005612060e-02 4.708931968e-02
 5.365681648e-02 5.972944573e-02 6.528469920e-02 7.030963153e-02 7.480265200e-02
 7.877407968e-02 8.224533498e-02 8.524687588e-02 8.781528473e-02 8.999060094e-02
 9.181366116e-02 9.332416952e-02 9.455931187e-02 9.555306286e-02 9.633584321e-02
 4.830133170e-03 1.094084885e-02 1.929757372e-02 2.451502346e-02 2.346924506e-02
 2.130531520e-02 1.878530718e-02 1.590622775e-02 1.267631073e-02 9.109151550e-03
 5.224412773e-03 1.048424980e-03-3.385394346e-03-8.036374114e-03-1.285673119e-02
-1.779207028e-02-2.278224193e-02-2.776255272e-02-3.266529366e-02-3.742146865e-02
-4.196265340e-02-4.622285441e-02-5.014021695e-02-5.365847796e-02-5.672807246e-02
-5.930678174e-02-6.135995314e-02-6.286022812e-02-6.378690153e-02-6.412491202e-02
-6.386362016e-02-6.299549341e-02-6.151479483e-02-5.941645056e-02-5.669526756e-02
-5.334560201e-02-4.936171323e-02-4.473897070e-02-3.947608173e-02-3.357861936e-02
-2.706390619e-02-1.996739395e-02-1.235037576e-02-4.308595322e-03 4.019150045e-03
 1.244395319e-02 2.072331682e-02 2.859525755e-02 3.604479507e-02 4.305486381e-02
 4.960827902e-02 5.568980798e-02 6.128814816e-02 6.639763713e-02 7.101940364e-02
 7.516189665e-02 7.884059846e-02 8.207722008e-02 8.489843458e-02 8.733434975e-02
 8.941696584e-02 9.117884934e-02 9.265198559e-02 9.386694431e-02 9.485235065e-02
 4.825462587e-03 1.093020104e-02 1.928368956e-02 2.449082956e-02 2.342521027e-02
 2.124526352e-02 1.870609261e-02 1.580510661e-02 1.255058683e-02 8.956207894e-03
 5.041762721e-03 8.337675827e-04-3.634115681e-03-8.320912719e-03-1.317848358e-02
-1.815202832e-02-2.318096533e-02-2.820015512e-02-3.314144537e-02-3.793542832e-02
-4.251333326e-02-4.680888355e-02-5.076003820e-02-5.431047082e-02-5.741066113e-02
-6.001856178e-02-6.209981069e-02-6.362746656e-02-6.458134204e-02-6.494695693e-02
-6.471435726e-02-6.387671828e-02-6.242903322e-02-6.036695838e-02-5.768597126e-02
-5.438099429e-02-5.044669285e-02-4.587857053e-02-4.067508876e-02-3.484103456e-02
-2.839222178e-02-2.136163972e-02-1.380696241e-02-5.818968173e-03 2.469912870e-03
 1.087830123e-02 1.917185448e-02 2.706478909e-02 3.452279419e-02 4.153645039e-02
 4.809475690e-02 5.418751761e-02 5.980733037e-02 6.495109200e-02 6.962103397e-02
 7.382526249e-02 7.757768035e-02 8.089750260e-02 8.380837739e-02 8.633725345e-02
 8.851321042e-02 9.036631882e-02 9.192663431e-02 9.322337061e-02 9.428431839e-02
 4.827690311e-03 1.093525719e-02 1.928935014e-02 2.450099960e-02 2.344600670e-02
 2.127467096e-02 1.874540374e-02 1.585565507e-02 1.261371095e-02 9.033231996e-03
 5.133968778e-03 9.423688753e-04-3.508001566e-03-8.176291361e-03-1.301451400e-02
-1.796804182e-02-2.297648229e-02-2.797489613e-02-3.289533034e-02-3.766856715e-02
-4.222599417e-02-4.650146142e-02-5.043302104e-02-5.396437272e-02-5.704595894e-02
-5.963565037e-02-6.169892848e-02-6.320863217e-02-6.414429098e-02-6.449111551e-02
-6.423875690e-02-6.337998807e-02-6.190937757e-02-5.982213840e-02-5.711332336e-02
-5.377748981e-02-4.980899766e-02-4.520320520e-02-3.995864838e-02-3.408049792e-02
-2.758540213e-02-2.050777897e-02-1.290746126e-02-4.878241569e-03 3.443575231e-03
 1.187218819e-02 2.016890235e-02 2.805323713e-02 3.551141545e-02 4.252825305e-02
 4.908837378e-02 5.517810583e-02 6.078740582e-02 6.591147184e-02 7.055182755e-02
 7.471680641e-02 7.842143625e-02 8.168668300e-02 8.453826606e-02 8.700532466e-02
 8.911897987e-02 9.091106057e-02 9.241297096e-02 9.365490079e-02 9.466522932e-02
 4.836788401e-03 1.095596794e-02 1.932875998e-02 2.456228435e-02 2.353170887e-02
 2.139295638e-02 1.890226081e-02 1.605650224e-02 1.286391634e-02 9.338039905e-03
 5.498411134e-03 1.371159684e-03-3.010579152e-03-7.606498431e-03-1.236925833e-02
-1.724497415e-02-2.217405476e-02-2.709240094e-02-3.193288296e-02-3.662706167e-02
-4.110699892e-02-4.530708864e-02-4.916572198e-02-5.262673646e-02-5.564049259e-02
-5.816450715e-02-6.016368046e-02-6.161002815e-02-6.248204038e-02-6.276370585e-02
-6.244330853e-02-6.151212379e-02-5.996317789e-02-5.779014155e-02-5.498660728e-02
-5.154585838e-02-4.746133834e-02-4.272800311e-02-3.734480590e-02-3.131849691e-02
-2.466887049e-02-1.743561402e-02-9.686498903e-03-1.526474836e-03 6.893392652e-03
 1.536853425e-02 2.363808826e-02 3.152256459e-02 3.899804130e-02 4.603677243e-02
 5.261053517e-02 5.869399384e-02 6.426763535e-02 6.932038069e-02 7.385136187e-02
 7.787045091e-02 8.139747381e-02 8.446060866e-02 8.709406853e-02 8.933553100e-02
 9.122379869e-02 9.279698879e-02 9.409116954e-02 9.513963014e-02 9.597246349e-02
 4.852470476e-03 1.099167112e-02 1.939241216e-02 2.466293983e-02 2.367926016e-02
 2.159642987e-02 1.917191222e-02 1.640166156e-02 1.329384279e-02 9.861787781e-03
 6.124669220e-03 2.108072164e-03-2.155603841e-03-6.626980845e-03-1.125982963e-02
-1.600152813e-02-2.079386450e-02-2.557417005e-02-3.027673997e-02-3.483446687e-02
-3.918058425e-02-4.325041547e-02-4.698298872e-02-5.032240227e-02-5.321888998e-02
-5.562943965e-02-5.751800537e-02-5.885527283e-02-5.961804837e-02-5.978832394e-02
-5.935216323e-02-5.829844996e-02-5.661773309e-02-5.430125445e-02-5.134034902e-02
-4.772638530e-02-4.345149174e-02-3.851023316e-02-3.290250152e-02-2.663785778e-02
-1.974147931e-02-1.226175763e-02-4.279335029e-03 4.083077889e-03 1.265119482e-02
 2.119290084e-02 2.945785597e-02 3.739861771e-02 4.496423155e-02 5.209999159e-02
 5.875070393e-02 6.486529857e-02 7.040334493e-02 7.534056157e-02 7.967206091e-02
 8.341311663e-02 8.659723401e-02 8.927125484e-02 9.148933738e-02 9.330788255e-02
 9.478121996e-02 9.595891088e-02 9.688451141e-02 9.759535640e-02 9.812301397e-02
 4.874231759e-03 1.104121376e-02 1.948040724e-02 2.480224892e-02 2.388393134e-02
 2.187869325e-02 1.954601333e-02 1.688065194e-02 1.389067341e-02 1.058913302e-02
 6.994707976e-03 3.132248763e-03-9.668393177e-04-5.264435895e-03-9.715818800e-03
-1.427008677e-02-1.887090690e-02-2.345757186e-02-2.796633355e-02-3.233192861e-02
-3.648922965e-02-4.037486762e-02-4.392878339e-02-4.709552601e-02-4.982523248e-02
-5.207426101e-02-5.380539596e-02-5.498763919e-02-5.559565499e-02-5.560892820e-02
-5.501070619e-02-5.378690362e-02-5.192504451e-02-4.941347614e-02-4.624094814e-02
-4.239682481e-02-3.787210956e-02-3.266153485e-02-2.676698938e-02-2.020248771e-02
-1.300090272e-02-5.222421605e-03 3.035489237e-03 1.162743662e-02 2.035075985e-02
 2.894737385e-02 3.736430779e-02 4.553708434e-02 5.338524282e-02 6.081286445e-02
 6.771390140e-02 7.398562878e-02 7.954232395e-02 8.433046192e-02 8.833956718e-02
 9.160349518e-02 9.419182688e-02 9.619678557e-02 9.771836549e-02 9.885018319e-02
 9.967240691e-02 1.002497971e-01 1.006327346e-01 1.008596942e-01 1.009598523e-01
 4.901383072e-03 1.110302471e-02 1.959381625e-02 2.498029359e-02 2.413929813e-02
 2.223073132e-02 2.001260780e-02 1.747863367e-02 1.463638060e-02 1.149855461e-02
 8.083248511e-03 4.414445255e-03 5.223634653e-04-3.556386568e-03-7.778901141e-03
-1.209636591e-02-1.645473763e-02-2.079571225e-02-2.505794726e-02-2.917847224e-02
-3.309420496e-02-3.674346581e-02-4.006741196e-02-4.301123694e-02-4.552512988e-02
-4.756484926e-02-4.909195751e-02-5.007365346e-02-5.048229918e-02-5.029466376e-02
-4.949102923e-02-4.805423319e-02-4.596881196e-02-4.322043061e-02-3.979574144e-02
-3.568291664e-02-3.087304905e-02-2.536273748e-02-1.915802248e-02-1.228000689e-02
-4.772179760e-03 3.290411551e-03 1.179084741e-02 2.055955492e-02 2.937589958e-02
 3.820895031e-02 4.701469094e-02 5.572347715e-02 6.422731280e-02 7.236774266e-02
 7.993712276e-02 8.670011163e-02 9.245216101e-02 9.706883878e-02 1.005304083e-01
 1.029263362e-01 1.044371650e-01 1.052828655e-01 1.056654453e-01 1.057422757e-01
 1.056221351e-01 1.053753346e-01 1.050456986e-01 1.046600118e-01 1.042344570e-01
 4.933068529e-03 1.117516123e-02 1.971905679e-02 2.517994493e-02 2.443702333e-02
 2.264112420e-02 2.055602707e-02 1.817675680e-02 1.550822146e-02 1.256291196e-02
 9.358371608e-03 5.917666946e-03 2.269724617e-03-1.550518442e-03-5.502191838e-03
-9.538831189e-03-1.360898558e-02-1.765709184e-02-2.162457258e-02-2.545111813e-02
-2.907605283e-02-3.243973106e-02-3.548482805e-02-3.815748170e-02-4.040814564e-02
-4.219218716e-02-4.347011447e-02-4.420748353e-02-4.437453300e-02-4.394556955e-02
-4.289826751e-02-4.121292755e-02-3.887189925e-02-3.585930914e-02-3.216128796e-02
-2.776692621e-02-2.267013676e-02-1.687275246e-02-1.038897689e-02-3.251398681e-03
 4.481274169e-03 1.271550264e-02 2.131273039e-02 3.011070006e-02 3.911685571e-02
 4.834073037e-02 5.778559670e-02 6.743565202e-02 7.722543925e-02 8.696849644e-02
 9.622199088e-02 1.043420359e-01 1.107712910e-01 1.152037382e-01 1.175999865e-01
 1.182034612e-01 1.175437570e-01 1.162699312e-01 1.148239896e-01 1.133938059e-01
 1.120472997e-01 1.108018383e-01 1.096538156e-01 1.085917279e-01 1.076020300e-01
 4.968272988e-03 1.125533879e-02 1.986851171e-02 2.541375160e-02 2.476874366e-02
 2.309767902e-02 2.116061561e-02 1.895406842e-02 1.647990197e-02 1.375034358e-02
 1.078234613e-02 7.598015945e-03 4.224925302e-03 6.962484913e-04-2.949303016e-03
-6.667773705e-03-1.041050255e-02-1.412489358e-02-1.775539666e-02-2.124463953e-02
-2.453466319e-02-2.756816521e-02-3.028967604e-02-3.264659643e-02-3.459001333e-02
-3.607525676e-02-3.706219047e-02-3.751520067e-02-3.740297630e-02-3.669810295e-02
-3.537658229e-02-3.341744840e-02-3.080250509e-02-2.751651779e-02-2.354790084e-02
-1.889020950e-02-1.354459487e-02-7.523414679e-03-8.552090731e-04 6.408980582e-03
 1.418871060e-02 2.236516401e-02 3.083053045e-02 3.961478919e-02 4.876467586e-02
 5.834667757e-02 6.845470518e-02 7.922008634e-02 9.082832187e-02 1.035571918e-01
 1.176126674e-01 1.296208054e-01 1.376830935e-01 1.419381052e-01 1.422605962e-01
 1.381980032e-01 1.322379857e-01 1.274438649e-01 1.236269325e-01 1.205140725e-01
 1.179223806e-01 1.157227829e-01 1.138219386e-01 1.121512428e-01 1.106595322e-01
 5.005815066e-03 1.134083793e-02 2.001454122e-02 2.564800344e-02 2.512246557e-02
 2.358523011e-02 2.180693485e-02 1.978590712e-02 1.752115041e-02 1.502449065e-02
 1.231224835e-02 9.405571967e-03 6.330676377e-03 3.118961584e-03-1.930512371e-04
-3.563975217e-03-6.948028225e-03-1.029570866e-02-1.355465036e-02-1.667062566e-02
-1.958863437e-02-2.225400135e-02-2.461345121e-02-2.661604434e-02-2.821394242e-02
-2.936298959e-02-3.002303839e-02-3.015808016e-02-2.973620407e-02-2.872945927e-02
-2.711370401e-02-2.486858889e-02-2.197781391e-02-1.842982322e-02-1.421911828e-02
-9.348375723e-03-3.831549082e-03 2.301824512e-03 9.001320228e-03 1.618931070e-02
 2.375361882e-02 3.163128719e-02 3.984701261e-02 4.844270647e-02 5.748260021e-02
 6.706424057e-02 7.733497769e-02 8.851940930e-02 1.009640470e-01 1.152028441e-01
 1.316350549e-01 1.456266493e-01 1.543678790e-01 1.581175625e-01 1.567942500e-01
 1.499356478e-01 1.411297917e-01 1.344441175e-01 1.293510497e-01 1.253230125e-01
 1.220365316e-01 1.192843542e-01 1.169280261e-01 1.148717403e-01 1.130471975e-01
 5.044447258e-03 1.142880507e-02 2.018088102e-02 2.590676211e-02 2.548530512e-02
 2.408699691e-02 2.247308940e-02 2.064347826e-02 1.859811135e-02 1.634528860e-02
 1.390100550e-02 1.128562447e-02 8.524123579e-03 5.646208767e-03 2.686266555e-03
-3.168549738e-04-3.320252290e-03-6.277551409e-03-9.139652364e-03-1.185560040e-02
-1.437354274e-02-1.664170250e-02-1.860934123e-02-2.022761106e-02-2.145031467e-02
-2.223447524e-02-2.254077420e-02-2.233383618e-02-2.158241346e-02-2.025956661e-02
-1.834290847e-02-1.581507735e-02-1.266454067e-02-8.886918426e-03-4.486970603e-03
 5.185647169e-04 6.097300909e-03 1.219706703e-02 1.874016598e-02 2.561045252e-02
 3.278841823e-02 4.027846828e-02 4.809531569e-02 5.626605079e-02 6.483507901e-02
 7.387056202e-02 8.347422630e-02 9.379660338e-02 1.050644293e-01 1.176461354e-01
 1.319354624e-01 1.439800858e-01 1.513545364e-01 1.541494280e-01 1.515231431e-01
 1.457068622e-01 1.400565803e-01 1.349119693e-01 1.305929571e-01 1.269368529e-01
 1.238004118e-01 1.210716441e-01 1.186651736e-01 1.165161654e-01 1.145751029e-01
 5.082920659e-03 1.151643973e-02 2.032749355e-02 2.614372782e-02 2.584814467e-02
 2.458824031e-02 2.313857153e-02 2.150072157e-02 1.967682503e-02 1.767109893e-02
 1.549906377e-02 1.318029501e-02 1.073859259e-02 8.202059194e-03 5.603040569e-03
 2.977928380e-03 3.668082936e-04-2.187047154e-03-4.637823440e-03-6.937921979e-03
-9.038794786e-03-1.089181378e-02-1.244912948e-02-1.366447937e-02-1.449391805e-02
-1.489644870e-02-1.483455673e-02-1.427468937e-02-1.318771020e-02-1.154942811e-02
-9.341290221e-03-6.551361643e-03-3.175739665e-03 7.794275298e-04 5.295237992e-03
 1.033672784e-02 1.584826596e-02 2.174945921e-02 2.795813605e-02 3.446298465e-02
 4.125113413e-02 4.831190407e-02 5.563740805e-02 6.322351098e-02 7.107003778e-02
 7.917990535e-02 8.755523711e-02 9.618635476e-02 1.050229073e-01 1.138964742e-01
 1.223390624e-01 1.295063794e-01 1.346301138e-01 1.373543292e-01 1.377574950e-01
 1.364436448e-01 1.341821402e-01 1.315251887e-01 1.288071126e-01 1.261744946e-01
 1.236855909e-01 1.213573962e-01 1.191876754e-01 1.171659455e-01 1.152787805e-01
 5.119913258e-03 1.160075795e-02 2.049049735e-02 2.639605664e-02 2.619833313e-02
 2.507213876e-02 2.378128283e-02 2.232912183e-02 2.071980201e-02 1.895793900e-02
 1.705490984e-02 1.502975821e-02 1.290529966e-02 1.070818678e-02 8.468860760e-03
 6.221377756e-03 4.003098700e-03 1.854251837e-03-1.826272928e-04-2.063357504e-03
-3.742845031e-03-5.175861064e-03-6.317825988e-03-7.125580683e-03-7.558116689e-03
-7.577271201e-03-7.148394361e-03-6.241022144e-03-4.829619545e-03-2.894463483e-03
-4.227706522e-04 2.589789685e-03 6.137140095e-03 1.020042785e-02 1.474473532e-02
 1.971627399e-02 2.502641641e-02 3.066023067e-02 3.659365699e-02 4.280252382e-02
 4.925997928e-02 5.593623221e-02 6.279803067e-02 6.980782747e-02 7.692234218e-02
 8.408989012e-02 9.124518186e-02 9.830000997e-02 1.051284522e-01 1.115495265e-01
 1.173213348e-01 1.221790761e-01 1.258957982e-01 1.283536702e-01 1.295867115e-01
 1.297587603e-01 1.291104108e-01 1.278953701e-01 1.263244897e-01 1.245543063e-01
 1.226915196e-01 1.208052188e-01 1.189383492e-01 1.171164587e-01 1.153537780e-01
 5.153989419e-03 1.167849824e-02 2.061628737e-02 2.660315111e-02 2.652251720e-02
 2.552110329e-02 2.437868901e-02 2.310053632e-02 2.169281803e-02 2.016242407e-02
 1.851708256e-02 1.677410677e-02 1.495539583e-02 1.308626123e-02 1.119535323e-02
 9.314497001e-03 7.478415035e-03 5.724342074e-03 4.091531504e-03 2.620673040e-03
 1.353239524e-03 3.307828447e-04-4.057978513e-04-8.170027286e-04-8.654835983e-04
-5.168087664e-04 2.597397543e-04 1.490292023e-03 3.195380792e-03 5.388704594e-03
 8.075608872e-03 1.125130150e-02 1.489828248e-02 1.898419484e-02 2.345012873e-02
 2.827462554e-02 3.343902901e-02 3.892248124e-02 4.469905421e-02 5.073694512e-02
 5.699757487e-02 6.343425065e-02 6.999100000e-02 7.660156488e-02 8.318865299e-02
 8.966390043e-02 9.592960030e-02 1.018814072e-01 1.074096039e-01 1.123996973e-01
 1.167384461e-01 1.203249618e-01 1.230902001e-01 1.250128001e-01 1.261241883e-01
 1.265059412e-01 1.262729615e-01 1.255521327e-01 1.244672462e-01 1.231265813e-01
 1.216183454e-01 1.200106442e-01 1.183539629e-01 1.166845188e-01 1.150274947e-01
 5.183600355e-03 1.174616627e-02 2.075285092e-02 2.681218833e-02 2.680752799e-02
 2.591713332e-02 2.490784042e-02 2.378645167e-02 2.256099880e-02 2.124036476e-02
 1.983429492e-02 1.835435070e-02 1.682165265e-02 1.526024938e-02 1.369709428e-02
 1.216186117e-02 1.068668813e-02 9.305830114e-03 8.055218495e-03 6.971934345e-03
 6.093623117e-03 5.457837600e-03 5.101346411e-03 5.059395917e-03 5.364931654e-03
 6.047766190e-03 7.133650593e-03 8.643224835e-03 1.059079543e-02 1.298290212e-02
 1.581641659e-02 1.907710731e-02 2.273021266e-02 2.676606737e-02 3.117781319e-02
 3.595488146e-02 4.108317569e-02 4.654356465e-02 5.231033266e-02 5.834921449e-02
 6.461488456e-02 7.104840130e-02 7.757486403e-02 8.410205692e-02 9.052050859e-02
 9.670134634e-02 1.024881899e-01 1.077559292e-01 1.124298573e-01 1.164394543e-01
 1.197354198e-01 1.223002076e-01 1.241474897e-01 1.253174543e-01 1.258723885e-01
 1.258892715e-01 1.254531890e-01 1.246509105e-01 1.235645935e-01 1.222679764e-01
 1.208241135e-01 1.192847863e-01 1.176910549e-01 1.160744876e-01 1.144586727e-01
 5.207043141e-03 1.179993618e-02 2.083412558e-02 2.695194259e-02 2.703743801e-02
 2.624132484e-02 2.534536086e-02 2.435853146e-02 2.329077758e-02 2.215284854e-02
 2.095634118e-02 1.971375383e-02 1.844022237e-02 1.715870574e-02 1.589452289e-02
 1.467523351e-02 1.353039686e-02 1.249124575e-02 1.159028802e-02 1.086082496e-02
 1.033640839e-02 1.005022414e-02 1.003442146e-02 1.031937730e-02 1.093288697e-02
 1.189927198e-02 1.323840395e-02 1.496448368e-02 1.708481275e-02 1.959816739e-02
 2.248743176e-02 2.575872838e-02 2.941527963e-02 3.345859423e-02 3.788883984e-02
 4.270373657e-02 4.789766297e-02 5.346032232e-02 5.937460437e-02 6.561351568e-02
 7.213590294e-02 7.888077199e-02 8.576060086e-02 9.265514463e-02 9.940914810e-02
 1.058383361e-01 1.116344258e-01 1.165938154e-01 1.206977218e-01 1.238767728e-01
 1.261375397e-01 1.275538355e-01 1.282404214e-01 1.283278316e-01 1.279382408e-01
 1.271765679e-01 1.261292249e-01 1.248664930e-01 1.234457791e-01 1.219141036e-01
 1.203098670e-01 1.186641753e-01 1.170017943e-01 1.153421104e-01 1.136999205e-01
 5.222306587e-03 1.183542516e-02 2.091581374e-02 2.707470953e-02 2.719944157e-02
 2.647410333e-02 2.566645853e-02 2.478716709e-02 2.384800091e-02 2.286140248e-02
 2.184050158e-02 2.079919353e-02 1.975227706e-02 1.871683821e-02 1.771658659e-02
 1.677692309e-02 1.592474617e-02 1.518815570e-02 1.459606271e-02 1.417775732e-02
 1.396238338e-02 1.397835091e-02 1.425267849e-02 1.481026225e-02 1.567305252e-02
 1.685911044e-02 1.838186383e-02 2.024747059e-02 2.245446481e-02 2.501720749e-02
 2.794498205e-02 3.124765493e-02 3.493526205e-02 3.901798278e-02 4.350599647e-02
 4.840898141e-02 5.373549089e-02 5.949209258e-02 6.568188965e-02 7.230211049e-02
 7.933896035e-02 8.675833046e-02 9.449008107e-02 1.024032235e-01 1.102746055e-01
 1.177750155e-01 1.243573353e-01 1.295991540e-01 1.333675534e-01 1.355785578e-01
 1.363555491e-01 1.359979808e-01 1.348783374e-01 1.333079040e-01 1.314984262e-01
 1.295752227e-01 1.276078075e-01 1.256340742e-01 1.236750782e-01 1.217432693e-01
 1.198467016e-01 1.179911420e-01 1.161809042e-01 1.144192964e-01 1.127087325e-01
 5.226578563e-03 1.184648741e-02 2.092512138e-02 2.710299753e-02 2.727230079e-02
 2.659007534e-02 2.584105730e-02 2.503822744e-02 2.419515885e-02 2.332574502e-02
 2.244424634e-02 2.156539820e-02 2.070454881e-02 1.987783797e-02 1.910277084e-02
 1.840253919e-02 1.780122332e-02 1.732359268e-02 1.699474268e-02 1.683966815e-02
 1.688277163e-02 1.714728959e-02 1.765463315e-02 1.842375658e-02 1.947015710e-02
 2.080324851e-02 2.243524231e-02 2.438071370e-02 2.665189654e-02 2.926187217e-02
 3.222392127e-02 3.555217013e-02 3.926261142e-02 4.337448254e-02 4.791127890e-02
 5.289777741e-02 5.835981295e-02 6.432413310e-02 7.082258910e-02 7.789517194e-02
 8.558940887e-02 9.395682067e-02 1.030432880e-01 1.128611937e-01 1.233008876e-01
 1.338168234e-01 1.430099905e-01 1.496556550e-01 1.533012539e-01 1.538357437e-01
 1.515093744e-01 1.474474519e-01 1.430855989e-01 1.389985234e-01 1.352958232e-01
 1.319592297e-01 1.289387047e-01 1.261818558e-01 1.236428991e-01 1.212845668e-01
 1.190775782e-01 1.169993505e-01 1.150325984e-01 1.131640673e-01 1.113835052e-01
 5.215539131e-03 1.182365883e-02 2.090329304e-02 2.707234956e-02 2.722528391e-02
 2.655258402e-02 2.582847141e-02 2.506837435e-02 2.428750135e-02 2.350070700e-02
 2.272284217e-02 2.196887322e-02 2.125399746e-02 2.059381828e-02 2.000452019e-02
 1.950307377e-02 1.911030151e-02 1.884743571e-02 1.873550937e-02 1.879494265e-02
 1.904510893e-02 1.950376853e-02 2.018581890e-02 2.110432275e-02 2.227516100e-02
 2.371230535e-02 2.542926185e-02 2.743959427e-02 2.975682728e-02 3.239480406e-02
 3.536799923e-02 3.869178891e-02 4.238198698e-02 4.648158699e-02 5.102087185e-02
 5.601739883e-02 6.151050702e-02 6.758011132e-02 7.425548881e-02 8.161744475e-02
 8.978384733e-02 9.891716391e-02 1.092502847e-01 1.211329848e-01 1.351306736e-01
 1.521565169e-01 1.664773971e-01 1.752455086e-01 1.788183451e-01 1.770413816e-01
 1.691564023e-01 1.577564925e-01 1.492312551e-01 1.425998211e-01 1.372375339e-01
 1.327695400e-01 1.289551109e-01 1.256318688e-01 1.226863340e-01 1.200371385e-01
 1.176248118e-01 1.154052392e-01 1.133452728e-01 1.114197671e-01 1.096094102e-01
 5.182397086e-03 1.175205968e-02 2.077309601e-02 2.688941918e-02 2.700803988e-02
 2.630349621e-02 2.556860633e-02 2.481920831e-02 2.406886220e-02 2.333281003e-02
 2.262631245e-02 2.196414769e-02 2.136070840e-02 2.083026618e-02 2.038724162e-02
 2.004643157e-02 1.982327178e-02 1.973456703e-02 1.979705319e-02 2.002615109e-02
 2.043590136e-02 2.104096673e-02 2.185504325e-02 2.289118618e-02 2.416238375e-02
 2.568135411e-02 2.746070549e-02 2.951315418e-02 3.185173497e-02 3.449006006e-02
 3.744259104e-02 4.072482139e-02 4.435324669e-02 4.837727547e-02 5.282256752e-02
 5.770865455e-02 6.307733804e-02 6.901482493e-02 7.555847615e-02 8.279353380e-02
 9.085120261e-02 9.991536289e-02 1.102543101e-01 1.222743988e-01 1.366083771e-01
 1.541498303e-01 1.685792059e-01 1.770054400e-01 1.797289252e-01 1.765849292e-01
 1.677673608e-01 1.562221348e-01 1.475799233e-01 1.407767236e-01 1.352476925e-01
 1.306393296e-01 1.267155260e-01 1.233128607e-01 1.203149110e-01 1.176368594e-01
 1.152157336e-01 1.130040735e-01 1.109656170e-01 1.090724021e-01 1.073026136e-01
 5.115877837e-03 1.160862856e-02 2.054334618e-02 2.654916234e-02 2.651168220e-02
 2.572345547e-02 2.498448268e-02 2.421964705e-02 2.347036265e-02 2.275730669e-02
 2.209631167e-02 2.150095999e-02 2.098365873e-02 2.055631950e-02 2.023076266e-02
 2.001894638e-02 1.993306726e-02 1.998554915e-02 2.018877119e-02 2.055478841e-02
 2.109525912e-02 2.182160132e-02 2.274492756e-02 2.387609705e-02 2.522584237e-02
 2.680487186e-02 2.862400375e-02 3.069434501e-02 3.302747384e-02 3.563570231e-02
 3.853242099e-02 4.173261300e-02 4.525394738e-02 4.911939055e-02 5.335883796e-02
 5.800222233e-02 6.308300048e-02 6.863632798e-02 7.470470667e-02 8.134642243e-02
 8.863637596e-02 9.666758776e-02 1.055521220e-01 1.154160872e-01 1.263687164e-01
 1.382349581e-01 1.488387734e-01 1.553542614e-01 1.573761702e-01 1.545325518e-01
 1.490330547e-01 1.434729695e-01 1.382033080e-01 1.334258765e-01 1.291789263e-01
 1.254198849e-01 1.220836341e-01 1.191049218e-01 1.164259017e-01 1.139976978e-01
 1.117799953e-01 1.097398326e-01 1.078504100e-01 1.060899422e-01 1.044406816e-01
 4.991834052e-03 1.134559792e-02 2.010868117e-02 2.595308609e-02 2.581529319e-02
 2.490092628e-02 2.401517518e-02 2.317645587e-02 2.239819802e-02 2.169018798e-02
 2.106220089e-02 2.052282356e-02 2.008026838e-02 1.974290982e-02 1.951948181e-02
 1.941907965e-02 1.945103332e-02 1.962472498e-02 1.994942129e-02 2.043413930e-02
 2.108760551e-02 2.191827819e-02 2.293441072e-02 2.414413355e-02 2.555557154e-02
 2.717694081e-02 2.901665494e-02 3.108346090e-02 3.338655457e-02 3.593575209e-02
 3.874170408e-02 4.181613773e-02 4.517219216e-02 4.882452637e-02 5.278930441e-02
 5.708349124e-02 6.172436476e-02 6.672900915e-02 7.211401314e-02 7.789374143e-02
 8.407608420e-02 9.065359831e-02 9.758619219e-02 1.047687680e-01 1.119751707e-01
 1.187883988e-01 1.246064007e-01 1.288233995e-01 1.311079711e-01 1.315059364e-01
 1.304373592e-01 1.284576505e-01 1.260001510e-01 1.233593747e-01 1.207107827e-01
 1.181494966e-01 1.157206222e-01 1.134402156e-01 1.113085002e-01 1.093176976e-01
 1.074565426e-01 1.057127491e-01 1.040742695e-01 1.025299504e-01 1.010697708e-01
 4.752674606e-03 1.084352005e-02 1.931353845e-02 2.487154305e-02 2.448941208e-02
 2.340372466e-02 2.240236849e-02 2.150177211e-02 2.070946991e-02 2.002438903e-02
 1.944569312e-02 1.897416823e-02 1.861290261e-02 1.836703159e-02 1.824316382e-02
 1.824870519e-02 1.839126088e-02 1.867820509e-02 1.911639050e-02 1.971207373e-02
 2.047096007e-02 2.139835991e-02 2.249936201e-02 2.377901040e-02 2.524245344e-02
 2.689503878e-02 2.874239534e-02 3.079046123e-02 3.304550797e-02 3.551414236e-02
 3.820326552e-02 4.112004861e-02 4.427176714e-02 4.766557366e-02 5.130801350e-02
 5.520439148e-02 5.935782567e-02 6.376792490e-02 6.842871755e-02 7.332561165e-02
 7.843061537e-02 8.369541168e-02 8.904197067e-02 9.435172379e-02 9.945740551e-02
 1.041468009e-01 1.081889197e-01 1.113854498e-01 1.136175990e-01 1.148814335e-01
 1.152754575e-01 1.149657145e-01 1.141411439e-01 1.129687205e-01 1.115817651e-01
 1.100784317e-01 1.085267663e-01 1.069716066e-01 1.054410487e-01 1.039516032e-01
 1.025120616e-01 1.011262462e-01 9.979484230e-02 9.851668030e-02 9.728953987e-02
 4.272608086e-03 9.833925404e-03 1.771131717e-02 2.276718058e-02 2.207819372e-02
 2.087146975e-02 1.983883046e-02 1.897111535e-02 1.825890690e-02 1.767200604e-02
 1.719616540e-02 1.682711579e-02 1.656715758e-02 1.642269641e-02 1.640222594e-02
 1.651472412e-02 1.676839031e-02 1.716985367e-02 1.772397198e-02 1.843397319e-02
 1.930193231e-02 2.032929100e-02 2.151733637e-02 2.286754921e-02 2.438181080e-02
 2.606246993e-02 2.791233547e-02 2.993459441e-02 3.213268518e-02 3.451015055e-02
 3.707042336e-02 3.981660679e-02 4.275113344e-02 4.587536305e-02 4.918902740e-02
 5.268947408e-02 5.637069419e-02 6.022202596e-02 6.422650814e-02 6.835871190e-02
 7.258217037e-02 7.684651762e-02 8.108494431e-02 8.521302044e-02 8.913059533e-02
 9.272841364e-02 9.590005130e-02 9.855676442e-02 1.006438807e-01 1.021482795e-01
 1.030991748e-01 1.035576239e-01 1.036015302e-01 1.033145934e-01 1.027754992e-01
 1.020524129e-01 1.012010500e-01 1.002649963e-01 9.927722067e-02 9.826195985e-02
 9.723661840e-02 9.621339291e-02 9.520059824e-02 9.420375526e-02 9.322635084e-02
 3.332710825e-03 7.726537995e-03 1.423093863e-02 1.836121455e-02 1.755194925e-02
 1.663818769e-02 1.599518955e-02 1.547903661e-02 1.504104398e-02 1.466784440e-02
 1.435901318e-02 1.412293501e-02 1.397381071e-02 1.392915566e-02 1.400724892e-02
 1.422430482e-02 1.459229738e-02 1.511792839e-02 1.580277085e-02 1.664478704e-02
 1.763999462e-02 1.878402010e-02 2.007311583e-02 2.150464989e-02 2.307721041e-02
 2.479047701e-02 2.664498612e-02 2.864183299e-02 3.078238294e-02 3.306796029e-02
 3.549955040e-02 3.807745501e-02 4.080093279e-02 4.366775230e-02 4.667369649e-02
 4.981193319e-02 5.307228863e-02 5.644038320e-02 5.989666656e-02 6.341537833e-02
 6.696357578e-02 7.050044835e-02 7.397717983e-02 7.733790576e-02 8.052203059e-02
 8.346818388e-02 8.611962199e-02 8.843030035e-02 9.036960453e-02 9.192569554e-02
 9.310539067e-02 9.393189102e-02 9.444063157e-02 9.467356652e-02 9.467467666e-02
 9.448640049e-02 9.414727986e-02 9.369083494e-02 9.314522892e-02 9.253352135e-02
 9.187418222e-02 9.118182212e-02 9.046777338e-02 8.974078298e-02 8.900749683e-02
 2.016207436e-03 4.395678174e-03 7.201398257e-03 9.499544278e-03 1.072310191e-02
 1.125118602e-02 1.145253610e-02 1.147968136e-02 1.140491292e-02 1.127528306e-02
 1.112586167e-02 1.099046599e-02 1.090593729e-02 1.091271825e-02 1.105108764e-02
 1.135462802e-02 1.184312440e-02 1.251977216e-02 1.337501314e-02 1.439263299e-02
 1.555601321e-02 1.685131527e-02 1.826854236e-02 1.980130002e-02 2.144603059e-02
 2.320118994e-02 2.506650984e-02 2.704241499e-02 2.912953310e-02 3.132829443e-02
 3.363858163e-02 3.605937585e-02 3.858845308e-02 4.122199118e-02 4.395421594e-02
 4.677697271e-02 4.967927188e-02 5.264684930e-02 5.566169322e-02 5.870170146e-02
 6.174047664e-02 6.474739313e-02 6.768807024e-02 7.052540034e-02 7.322113961e-02
 7.573807985e-02 7.804254442e-02 8.010690659e-02 8.191180229e-02 8.344735950e-02
 8.471357077e-02 8.571939915e-02 8.648105711e-02 8.702006936e-02 8.736099303e-02
 8.752947301e-02 8.755066246e-02 8.744814992e-02 8.724325895e-02 8.695478737e-02
 8.659893274e-02 8.618941903e-02 8.573772758e-02 8.525334299e-02 8.474406600e-02
 1.067789504e-03 2.266244730e-03 3.661246505e-03 5.019173492e-03 6.165281869e-03
 7.017823402e-03 7.548358291e-03 7.825398818e-03 7.928874344e-03 7.901860401e-03
 7.780195680e-03 7.605068386e-03 7.431548554e-03 7.337297313e-03 7.420382462e-03
 7.765670307e-03 8.409194648e-03 9.328152984e-03 1.046165265e-02 1.175233256e-02
 1.315999497e-02 1.466041896e-02 1.624126546e-02 1.789720356e-02 1.962683350e-02
 2.143082209e-02 2.331077307e-02 2.526850626e-02 2.730559185e-02 2.942299657e-02
 3.162081540e-02 3.389802203e-02 3.625224531e-02 3.867955133e-02 4.117419571e-02
 4.372840375e-02 4.633215815e-02 4.897299781e-02 5.163587630e-02 5.430312455e-02
 5.695454031e-02 5.956764147e-02 6.211818010e-02 6.458088756e-02 6.693047285e-02
 6.914281100e-02 7.119622827e-02 7.307273149e-02 7.475898415e-02 7.624701411e-02
 7.753433287e-02 7.862374187e-02 7.952270657e-02 8.024238050e-02 8.079657704e-02
 8.120072633e-02 8.147093654e-02 8.162322640e-02 8.167292923e-02 8.163434267e-02
 8.152044564e-02 8.134284616e-02 8.111175150e-02 8.083605766e-02 8.052340150e-02
 5.736678722e-04 1.224648440e-03 2.010314725e-03 2.830648562e-03 3.597978270e-03
 4.240564536e-03 4.686994944e-03 4.933422431e-03 5.001032725e-03 4.896041006e-03
 4.620335996e-03 4.177934956e-03 3.591741668e-03 2.945670858e-03 2.591370605e-03
 2.878869651e-03 3.901121905e-03 5.466414150e-03 7.183070295e-03 8.927545510e-03
 1.067506894e-02 1.242642105e-02 1.418924611e-02 1.597188786e-02 1.778247766e-02
 1.962832548e-02 2.151564695e-02 2.344946004e-02 2.543353848e-02 2.747037821e-02
 2.956114151e-02 3.170559928e-02 3.390204534e-02 3.614722192e-02 3.843624517e-02
 4.076250270e-02 4.311761633e-02 4.549140111e-02 4.787188023e-02 5.024537072e-02
 5.259665102e-02 5.490924418e-02 5.716580898e-02 5.934865028e-02 6.144034863e-02
 6.342443079e-02 6.528605521e-02 6.701269001e-02 6.859461963e-02 7.002530247e-02
 7.130154967e-02 7.242343575e-02 7.339404523e-02 7.421905547e-02 7.490625232e-02
 7.546494901e-02 7.590543479e-02 7.623847574e-02 7.647488266e-02 7.662518322e-02
 7.669935375e-02 7.670668513e-02 7.665568590e-02 7.655403018e-02 7.640860230e-02
 3.184980596e-04 6.843975279e-04 1.133683021e-03 1.613495289e-03 2.070412273e-03
 2.456554445e-03 2.725185594e-03 2.844789298e-03 2.789777471e-03 2.531421138e-03
 2.035066718e-03 1.247659908e-03 8.144376625e-05-1.637019566e-03-2.785674762e-03
-2.623198088e-03-1.016173046e-03 1.784021966e-03 4.243574105e-03 6.454947870e-03
 8.510016836e-03 1.046663988e-02 1.236491278e-02 1.423072629e-02 1.608441211e-02
 1.794078574e-02 1.981053315e-02 2.170162275e-02 2.361990139e-02 2.556939051e-02
 2.755239978e-02 2.956962027e-02 3.162018210e-02 3.370170668e-02 3.581032529e-02
 3.794073313e-02 4.008621350e-02 4.223869368e-02 4.438883066e-02 4.652614146e-02
 4.863917455e-02 5.071574450e-02 5.274322629e-02 5.470889434e-02 5.660032481e-02
 5.840578303e-02 6.011464819e-02 6.171774864e-02 6.320768595e-02 6.457901001e-02
 6.582837552e-02 6.695450842e-02 6.795819104e-02 6.884206831e-02 6.961042434e-02
 7.026891410e-02 7.082420588e-02 7.128360868e-02 7.165477425e-02 7.194540650e-02
 7.216303796e-02 7.231490314e-02 7.240781188e-02 7.244810462e-02 7.244163007e-02
 1.809685346e-04 3.900541924e-04 6.486018538e-04 9.262951789e-04 1.188420574e-03
 1.390767400e-03 1.508287736e-03 1.507067238e-03 1.352415420e-03 1.004986465e-03
 4.154629423e-04-4.822358314e-04-1.778117614e-03-3.608563915e-03-4.773444962e-03
-4.507700913e-03-2.750957385e-03 1.755458361e-04 2.726976294e-03 5.002505612e-03
 7.099813782e-03 9.080473334e-03 1.098524872e-02 1.284187660e-02 1.466994546e-02
 1.648418233e-02 1.829586551e-02 2.011371963e-02 2.194444090e-02 2.379272692e-02
 2.566141821e-02 2.755163983e-02 2.946296521e-02 3.139356896e-02 3.334034607e-02
 3.529900312e-02 3.726416081e-02 3.922941908e-02 4.118748009e-02 4.313026369e-02
 4.504906759e-02 4.693474621e-02 4.877791926e-02 5.056921393e-02 5.229950324e-02
 5.396018177e-02 5.554337054e-02 5.704215541e-02 5.845070630e-02 5.976439267e-02
 6.097982451e-02 6.209487468e-02 6.310874224e-02 6.402211636e-02 6.483718008e-02
 6.555749476e-02 6.618772447e-02 6.673319638e-02 6.719955057e-02 6.759248674e-02
 6.791767478e-02 6.818061322e-02 6.838661432e-02 6.854073703e-02 6.864774972e-02
 1.056864421e-04 2.280842018e-04 3.797938989e-04 5.427183351e-04 6.934067351e-04
 7.955994806e-04 8.331968565e-04 7.827663794e-04 6.177251344e-04 3.069202357e-04
-1.873390574e-04-9.140131879e-04-1.941865892e-03-3.390246769e-03-3.986408003e-03
-2.848331584e-03-1.164827379e-03 7.968778373e-04 2.760858973e-03 4.675873090e-03
 6.534878630e-03 8.347311988e-03 1.012402866e-02 1.187370438e-02 1.360292826e-02
 1.531783398e-02 1.702567935e-02 1.873445511e-02 2.045127191e-02 2.218100242e-02
 2.392596193e-02 2.568662539e-02 2.746214718e-02 2.925060317e-02 3.104912676e-02
 3.285399079e-02 3.466068581e-02 3.646399453e-02 3.825807944e-02 4.003659263e-02
 4.179278016e-02 4.351962730e-02 4.521001503e-02 4.685686901e-02 4.845335335e-02
 4.999300092e-02 5.146990716e-02 5.287881941e-02 5.421523377e-02 5.547532812e-02
 5.665573105e-02 5.775316805e-02 5.876480415e-02 5.968901888e-02 6.052641571e-02
 6.128010526e-02 6.195471436e-02 6.255523860e-02 6.308624893e-02 6.355191022e-02
 6.395627558e-02 6.430333108e-02 6.459703296e-02 6.484125555e-02 6.503974646e-02
 6.538334128e-05 1.414837025e-04 2.365978144e-04 3.402998263e-04 4.396596632e-04
 5.080067785e-04 5.257694284e-04 4.940285580e-04 3.973811108e-04 2.223629563e-04
-4.101211744e-05-3.962834307e-04-8.322168142e-04-1.306380262e-03-1.287703868e-03
-4.395234864e-04 7.565549458e-04 2.087427769e-03 3.494648729e-03 4.982569721e-03
 6.519515067e-03 8.088866249e-03 9.685473517e-03 1.128828898e-02 1.288159098e-02
 1.445362344e-02 1.601049677e-02 1.756495610e-02 1.914223656e-02 2.073970251e-02
 2.235452645e-02 2.398465015e-02 2.562788315e-02 2.728164010e-02 2.894286439e-02
 3.060801327e-02 3.227306902e-02 3.393358365e-02 3.558471054e-02 3.722130135e-02
 3.883796558e-02 4.042918608e-02 4.198940843e-02 4.351317510e-02 4.499523342e-02
 4.643066972e-02 4.781502858e-02 4.914443567e-02 5.041575432e-02 5.162684247e-02
 5.277728662e-02 5.386458710e-02 5.487386882e-02 5.579890683e-02 5.663590878e-02
 5.739201233e-02 5.808138847e-02 5.871257931e-02 5.928555876e-02 5.980189890e-02
 6.026386470e-02 6.067403406e-02 6.103515625e-02 6.135006994e-02 6.162162125e-02
 4.537247150e-05 9.886162297e-05 1.669530757e-04 2.430660243e-04 3.191302822e-04
 3.848287743e-04 4.322775058e-04 4.579149536e-04 4.594593192e-04 4.388341913e-04
 4.053517187e-04 3.809103509e-04 4.071259755e-04 5.458996166e-04 8.716958691e-04
 1.433260622e-03 2.213051310e-03 3.158817999e-03 4.235290922e-03 5.420027301e-03
 6.689346395e-03 8.025045507e-03 9.412884712e-03 1.083980966e-02 1.229824498e-02
 1.369786728e-02 1.510468684e-02 1.653029583e-02 1.797734760e-02 1.944587566e-02
 2.093354240e-02 2.243744396e-02 2.395458147e-02 2.548184991e-02 2.701598033e-02
 2.855348960e-02 3.009066172e-02 3.162354976e-02 3.314799815e-02 3.465968743e-02
 3.615417331e-02 3.762697801e-02 3.907364234e-02 4.048981890e-02 4.187135771e-02
 4.321440682e-02 4.451550171e-02 4.577166960e-02 4.698051512e-02 4.814019427e-02
 4.924897477e-02 5.030394718e-02 5.130193010e-02 5.222473666e-02 5.304387212e-02
 5.380494520e-02 5.451019481e-02 5.516298860e-02 5.576501414e-02 5.631744117e-02
 5.682161450e-02 5.727917701e-02 5.769199505e-02 5.806210637e-02 5.839164555e-02
 3.721266330e-05 8.218271978e-05 1.415903971e-04 2.121203142e-04 2.901447879e-04
 3.723391274e-04 4.548988363e-04 5.369812716e-04 6.223075907e-04 7.169696619e-04
 8.319258923e-04 9.840457933e-04 1.196014578e-03 1.493457588e-03 1.900013420e-03
 2.432054840e-03 3.092513187e-03 3.876052098e-03 4.771397915e-03 5.763992667e-03
 6.841142662e-03 7.992467843e-03 9.212277830e-03 1.047703996e-02 1.177574508e-02
 1.303909346e-02 1.431348827e-02 1.560281590e-02 1.692525484e-02 1.827357709e-02
 1.964271441e-02 2.102889307e-02 2.242871374e-02 2.383889444e-02 2.525614016e-02
 2.667709440e-02 2.809830382e-02 2.951620892e-02 3.092715889e-02 3.232742473e-02
 3.371324763e-02 3.508086130e-02 3.642657027e-02 3.774677962e-02 3.903807327e-02
 4.029728100e-02 4.152154177e-02 4.270839319e-02 4.385590553e-02 4.496292770e-02
 4.603004828e-02 4.705634713e-02 4.802601784e-02 4.892909899e-02 4.974391311e-02
 5.049992725e-02 5.120772868e-02 5.187412724e-02 5.249670893e-02 5.307537317e-02
 5.361078680e-02 5.410401896e-02 5.455639958e-02 5.496941879e-02 5.534470081e-02
 0.110456884E+01 0.110929310E+01 0.111065781E+01 0.111357760E+01 0.111715674E+01
 0.112125230E+01 0.112602913E+01 0.113134456E+01 0.113712335E+01 0.114354026E+01
 0.115059984E+01 0.115831149E+01 0.116656971E+01 0.117553437E+01 0.118522179E+01
 0.119557178E+01 0.120671833E+01 0.121864223E+01 0.123137140E+01 0.124501359E+01
 0.125952327E+01 0.127503693E+01 0.129153299E+01 0.130912220E+01 0.132784200E+01
 0.134777427E+01 0.136899936E+01 0.139158261E+01 0.141563451E+01 0.144123781E+01
 0.146853817E+01 0.149762964E+01 0.152867353E+01 0.156179845E+01 0.159720051E+01
 0.163505352E+01 0.167559600E+01 0.171905065E+01 0.176570332E+01 0.181585562E+01
 0.186987269E+01 0.192815292E+01 0.199115980E+01 0.205945897E+01 0.213366890E+01
 0.221447992E+01 0.230281281E+01 0.239958954E+01 0.250608444E+01 0.262375116E+01
 0.275429797E+01 0.289989996E+01 0.306322575E+01 0.324755454E+01 0.345725298E+01
 0.369790888E+01 0.397664642E+01 0.430348682E+01 0.469222927E+01 0.516276741E+01
 0.574707508E+01 0.649838638E+01 0.751503038E+01 0.903894806E+01 0.177829971E+02
  155   37
 0.227412581E+00 0.000000000E+00 0.227827087E+00 0.625000000E-01 0.229518548E+00
 0.125000000E+00 0.232552573E+00 0.187500000E+00 0.237046883E+00 0.250000000E+00
 0.241874993E+00 0.299768120E+00 0.243012026E+00 0.312500000E+00 0.250009269E+00
 0.375000000E+00 0.258951545E+00 0.437500000E+00 0.270212919E+00 0.500000000E+00
 0.272187501E+00 0.509594738E+00 0.282945693E+00 0.562500000E+00 0.298499107E+00
 0.625000000E+00 0.302500010E+00 0.639425814E+00 0.316302449E+00 0.687500000E+00
 0.332812488E+00 0.737294018E+00 0.337323725E+00 0.750000000E+00 0.361330003E+00
 0.812500000E+00 0.363124996E+00 0.817137837E+00 0.388465762E+00 0.875000000E+00
 0.393437505E+00 0.886735141E+00 0.418964446E+00 0.937500000E+00 0.423750013E+00
 0.948347807E+00 0.452606112E+00 0.100000000E+01 0.454062492E+00 0.100346720E+01
 0.484375000E+00 0.105647266E+01 0.489631891E+00 0.106250000E+01 0.514687479E+00
 0.111017621E+01 0.535234153E+00 0.114140785E+01 0.555780828E+00 0.117263961E+01
 0.580702901E+00 0.115843332E+01 0.605624974E+00 0.114422703E+01 0.621569276E+00
 0.112500000E+01 0.635937512E+00 0.111948740E+01 0.666249990E+00 0.110170650E+01
 0.696562529E+00 0.107932401E+01 0.714952588E+00 0.106250000E+01 0.726875007E+00
 0.105587614E+01 0.757187486E+00 0.103482938E+01 0.787500024E+00 0.100996876E+01
 0.797673225E+00 0.100000000E+01 0.817812502E+00 0.985965073E+00 0.848124981E+00
 0.961179256E+00 0.873077095E+00 0.937500000E+00 0.878437519E+00 0.933596969E+00
 0.908749998E+00 0.907971680E+00 0.939062476E+00 0.878683686E+00 0.942413390E+00
 0.875000000E+00 0.969375014E+00 0.850923121E+00 0.999687493E+00 0.820361614E+00
 0.100666130E+01 0.812500000E+00 0.102999997E+01 0.790054560E+00 0.106031251E+01
 0.757496297E+00 0.106664765E+01 0.750000000E+00 0.109062505E+01 0.724638045E+00
 0.112093747E+01 0.688969910E+00 0.112208652E+01 0.687500000E+00 0.115125000E+01
 0.652710438E+00 0.117215264E+01 0.625000000E+00 0.118156254E+01 0.613014102E+00
 0.121187496E+01 0.570482969E+00 0.121706975E+01 0.562500000E+00 0.124218750E+01
 0.524733245E+00 0.125712776E+01 0.500000000E+00 0.127250004E+01 0.474934012E+00
 0.129373848E+01 0.437500000E+00 0.130281246E+01 0.421647072E+00 0.132820582E+01
 0.375000000E+00 0.133312500E+01 0.365842313E+00 0.136121821E+01 0.312500000E+00
 0.136343753E+01 0.308007807E+00 0.139224470E+01 0.250000000E+00 0.139374995E+01
 0.246483564E+00 0.141953659E+01 0.187500000E+00 0.142406249E+01 0.173814580E+00
 0.144073725E+01 0.125000000E+00 0.145345676E+01 0.625000000E-01 0.145437503E+01
 0.467444882E-01 0.145723879E+01 0.000000000E+00 0.145437503E+01-0.300403554E-01
 0.145142496E+01-0.625000000E-01 0.143670022E+01-0.125000000E+00 0.142406249E+01
-0.159203053E+00 0.141394377E+01-0.187500000E+00 0.139374995E+01-0.231539115E+00
 0.138546324E+01-0.250000000E+00 0.136343753E+01-0.293162107E+00 0.135360837E+01
-0.312500000E+00 0.133312500E+01-0.350911289E+00 0.131997871E+01-0.375000000E+00
 0.130281246E+01-0.406432897E+00 0.128488386E+01-0.437500000E+00 0.127250004E+01
-0.459357560E+00 0.124748015E+01-0.500000000E+00 0.124218750E+01-0.508799076E+00
 0.121187496E+01-0.554748118E+00 0.120626569E+01-0.562500000E+00 0.118156254E+01
-0.597580791E+00 0.116004241E+01-0.625000000E+00 0.115125000E+01-0.636738956E+00
 0.112093747E+01-0.673543036E+00 0.110821998E+01-0.687500000E+00 0.109062505E+01
-0.708459914E+00 0.106031251E+01-0.741019726E+00 0.105105054E+01-0.750000000E+00
 0.102999997E+01-0.773130596E+00 0.999687493E+00-0.802935123E+00 0.988783956E+00
-0.812500000E+00 0.969375014E+00-0.832713842E+00 0.939062476E+00-0.860644042E+00
 0.921339452E+00-0.875000000E+00 0.908749998E+00-0.887726963E+00 0.878437519E+00
-0.914403319E+00 0.848264873E+00-0.937500000E+00 0.848124981E+00-0.937641740E+00
 0.817812502E+00-0.963729918E+00 0.787500024E+00-0.986058950E+00 0.764967680E+00
-0.100000000E+01 0.757187486E+00-0.100698721E+01 0.726875007E+00-0.102911747E+01
 0.696562529E+00-0.104723477E+01 0.666249990E+00-0.106141007E+01 0.662666082E+00
-0.106250000E+01 0.635937512E+00-0.107769036E+01 0.595471263E+00-0.111891770E+01
 0.555005074E+00-0.116014504E+01 0.545538545E+00-0.111132252E+01 0.536072016E+00
-0.106250000E+01 0.514687479E+00-0.104770160E+01 0.484375000E+00-0.101024532E+01
 0.478634804E+00-0.100000000E+01 0.454062492E+00-0.967349052E+00 0.437521905E+00
-0.937500000E+00 0.423750013E+00-0.916014314E+00 0.402627379E+00-0.875000000E+00
 0.393437505E+00-0.858042002E+00 0.372396111E+00-0.812500000E+00 0.363124996E+00
-0.792018652E+00 0.346152186E+00-0.750000000E+00 0.332812488E+00-0.714190841E+00
 0.323593199E+00-0.687500000E+00 0.304469615E+00-0.625000000E+00 0.302500010E+00
-0.617812216E+00 0.287721932E+00-0.562500000E+00 0.274158180E+00-0.500000000E+00
 0.272187501E+00-0.489462167E+00 0.262267709E+00-0.437500000E+00 0.252657592E+00
-0.375000000E+00 0.245101064E+00-0.312500000E+00 0.241874993E+00-0.278871983E+00
 0.238879442E+00-0.250000000E+00 0.233881563E+00-0.187500000E+00 0.230384573E+00
-0.125000000E+00 0.228255466E+00-0.625000000E-01 0.227412581E+00 0.000000000E+00
 0.189999998E+01 0.405000001E+00 0.155510426E+01 0.405000001E+00 0.155510426E+01
 0.822500229E+00 0.140793061E+01 0.822500229E+00 0.140793061E+01 0.103300035E+01
 0.103993106E+01 0.103300035E+01 0.103993106E+01 0.119500005E+01 0.189999998E+01
 0.119500005E+01 0.189999998E+01 0.182500005E+01 0.564930677E+00 0.182500005E+01
 0.564930677E+00 0.172808158E+01 0.783500016E+00 0.172808158E+01 0.783500016E+00
 0.171558166E+01 0.582590282E+00 0.154700005E+01 0.416500002E+00 0.154700005E+01
 0.280000001E+00 0.168350005E+01 0.280000001E+00 0.122908854E+01 0.195244402E+00
 0.108350003E+01 0.195244402E+00-0.108350003E+01 0.280000001E+00-0.122908854E+01
 0.280000001E+00-0.168350005E+01 0.416500002E+00-0.154700005E+01 0.582590282E+00
-0.154700005E+01 0.783500016E+00-0.171558166E+01 0.783500016E+00-0.172808158E+01
 0.564930677E+00-0.172808158E+01 0.564930677E+00-0.182500005E+01 0.189999998E+01
-0.182500005E+01 0.189999998E+01-0.119500005E+01 0.103993106E+01-0.119500005E+01
 0.103993106E+01-0.103300035E+01 0.140793061E+01-0.103300035E+01 0.140793061E+01
-0.822500229E+00 0.155510426E+01-0.822500229E+00 0.155510426E+01-0.405000001E+00
 0.189999998E+01-0.405000001E+00 0.189999998E+01 0.405000001E+00
    0
