EFIT++  MAST     # 29976 # 209ms                   0  65  65
 0.194000006E+01 0.400000000E+01 0.840995014E+00 0.599999987E-01 0.000000000E+00
 0.939557970E+00 0.903553423E-02-0.621736646E-01 0.210629106E-01-0.482479274E+00
 0.809696938E+06-0.621736646E-01 0.000000000E+00 0.939557970E+00 0.000000000E+00
 0.903553423E-02 0.000000000E+00 0.210629106E-01 0.000000000E+00 0.000000000E+00
-0.479567885E+00-0.477030814E+00-0.474540442E+00-0.472096801E+00-0.469700038E+00
-0.467350155E+00-0.465047300E+00-0.462791443E+00-0.460582644E+00-0.458420902E+00
-0.456306279E+00-0.454238713E+00-0.452218205E+00-0.450244695E+00-0.448318124E+00
-0.446438462E+00-0.444605589E+00-0.442819387E+00-0.441079766E+00-0.439386606E+00
-0.437739700E+00-0.436138928E+00-0.434584051E+00-0.433074921E+00-0.431611270E+00
-0.430192888E+00-0.428819478E+00-0.427490830E+00-0.426206589E+00-0.424966455E+00
-0.423770130E+00-0.422617257E+00-0.421507448E+00-0.420440346E+00-0.419415563E+00
-0.418432683E+00-0.417491257E+00-0.416590840E+00-0.415730983E+00-0.414911211E+00
-0.414131016E+00-0.413389891E+00-0.412687331E+00-0.412022769E+00-0.411395669E+00
-0.410805464E+00-0.410251558E+00-0.409733415E+00-0.409250349E+00-0.408801794E+00
-0.408387125E+00-0.408005655E+00-0.407656789E+00-0.407339841E+00-0.407054156E+00
-0.406799018E+00-0.406573772E+00-0.406377733E+00-0.406210154E+00-0.406070381E+00
-0.405957639E+00-0.405871212E+00-0.405810416E+00-0.405774474E+00-0.405762672E+00
 0.162424346E+05 0.162365322E+05 0.162072109E+05 0.161552227E+05 0.160813213E+05
 0.159862578E+05 0.158707852E+05 0.157356553E+05 0.155816211E+05 0.154094346E+05
 0.152198486E+05 0.150136162E+05 0.147914873E+05 0.145542168E+05 0.143025566E+05
 0.140372578E+05 0.137590742E+05 0.134687568E+05 0.131670596E+05 0.128547344E+05
 0.125325332E+05 0.122012080E+05 0.118615127E+05 0.115141982E+05 0.111600176E+05
 0.107997236E+05 0.104340684E+05 0.100638037E+05 0.968968262E+04 0.931245703E+04
 0.893287988E+04 0.855170312E+04 0.816967920E+04 0.778756055E+04 0.740610010E+04
 0.702604932E+04 0.664816162E+04 0.627318848E+04 0.590188281E+04 0.553499658E+04
 0.517328271E+04 0.481749316E+04 0.446838037E+04 0.412669727E+04 0.379319556E+04
 0.346862793E+04 0.315374683E+04 0.284930469E+04 0.255605371E+04 0.227474634E+04
 0.200613489E+04 0.175097205E+04 0.151000989E+04 0.128400098E+04 0.107369775E+04
 0.879852478E+03 0.703217651E+03 0.544545532E+03 0.404588623E+03 0.284099304E+03
 0.183829941E+03 0.104532928E+03 0.469606743E+02 0.118655672E+02 0.000000000E+00
-0.944095433E+00-0.922003567E+00-0.900144756E+00-0.878518999E+00-0.857126236E+00
-0.835966468E+00-0.815039754E+00-0.794346094E+00-0.773885429E+00-0.753657818E+00
-0.733663201E+00-0.713901639E+00-0.694373131E+00-0.675077617E+00-0.656015098E+00
-0.637185633E+00-0.618589222E+00-0.600225806E+00-0.582095385E+00-0.564198077E+00
-0.546533704E+00-0.529102445E+00-0.511904120E+00-0.494938880E+00-0.478206664E+00
-0.461707473E+00-0.445441306E+00-0.429408163E+00-0.413608074E+00-0.398040980E+00
-0.382706910E+00-0.367605895E+00-0.352737874E+00-0.338102907E+00-0.323700964E+00
-0.309532017E+00-0.295596123E+00-0.281893253E+00-0.268423408E+00-0.255186617E+00
-0.242182821E+00-0.229412049E+00-0.216874316E+00-0.204569608E+00-0.192497939E+00
-0.180659279E+00-0.169053659E+00-0.157681048E+00-0.146541476E+00-0.135634929E+00
-0.124961421E+00-0.114520930E+00-0.104313463E+00-0.943390280E-01-0.845976174E-01
-0.750892311E-01-0.658138767E-01-0.567715466E-01-0.479622446E-01-0.393859707E-01
-0.310427211E-01-0.229325015E-01-0.150553072E-01-0.741114002E-02 0.000000000E+00
 0.465774609E+04-0.136380879E+05-0.313554121E+05-0.484942266E+05-0.650545312E+05
-0.810363281E+05-0.964396172E+05-0.111264391E+06-0.125510656E+06-0.139178406E+06
-0.152267656E+06-0.164778391E+06-0.176710625E+06-0.188064344E+06-0.198839547E+06
-0.209036250E+06-0.218654438E+06-0.227694109E+06-0.236155281E+06-0.244037938E+06
-0.251342094E+06-0.258067734E+06-0.264214844E+06-0.269783469E+06-0.274773594E+06
-0.279185188E+06-0.283018281E+06-0.286272844E+06-0.288948938E+06-0.291046500E+06
-0.292565531E+06-0.293506094E+06-0.293868125E+06-0.293651625E+06-0.292856656E+06
-0.291483156E+06-0.289531156E+06-0.287000625E+06-0.283891594E+06-0.280204062E+06
-0.275938031E+06-0.271093469E+06-0.265670406E+06-0.259668828E+06-0.253088750E+06
-0.245930141E+06-0.238193047E+06-0.229877438E+06-0.220983312E+06-0.211510672E+06
-0.201459531E+06-0.190829875E+06-0.179621719E+06-0.167835047E+06-0.155469859E+06
-0.142526172E+06-0.129003969E+06-0.114903250E+06-0.100224031E+06-0.849663047E+05
-0.691300625E+05-0.527153086E+05-0.357220508E+05-0.181502793E+05 0.000000000E+00
 4.967063069e-05 1.105181946e-04 1.924581447e-04 2.925159642e-04 4.074839526e-04
 5.348253762e-04 6.747415173e-04 8.257179870e-04 9.870810900e-04 1.162892324e-03
 1.361233066e-03 1.594749512e-03 1.880479045e-03 2.238878515e-03 2.685394837e-03
 3.229148220e-03 3.877782729e-03 4.622064997e-03 5.449027754e-03 6.349105854e-03
 7.309893146e-03 8.317700587e-03 9.354864247e-03 1.043835934e-02 1.156932302e-02
 1.283288747e-02 1.415297668e-02 1.551479939e-02 1.687933132e-02 1.825133152e-02
 1.963206753e-02 2.102062851e-02 2.241534367e-02 2.381411009e-02 2.521448396e-02
 2.661371231e-02 2.800877765e-02 2.939641662e-02 3.077315912e-02 3.213535622e-02
 3.347922117e-02 3.480086476e-02 3.609633446e-02 3.736164793e-02 3.859281167e-02
 3.978583589e-02 4.093670845e-02 4.204133525e-02 4.309530556e-02 4.409319535e-02
 4.502539709e-02 4.588854313e-02 4.672854766e-02 4.757034034e-02 4.847412929e-02
 4.935790598e-02 5.018901452e-02 5.094879121e-02 5.164892226e-02 5.229445919e-02
 5.288878828e-02 5.343471467e-02 5.393479764e-02 5.439144000e-02 5.480694771e-02
 5.943885481e-05 1.307057537e-04 2.238776215e-04 3.330423788e-04 4.521651135e-04
 5.769861164e-04 7.013474824e-04 8.178431308e-04 9.225458489e-04 1.016261638e-03
 1.107000397e-03 1.213895390e-03 1.371635124e-03 1.624895842e-03 2.023203997e-03
 2.602402586e-03 3.346968442e-03 4.216044676e-03 5.186431576e-03 6.241128780e-03
 7.358412258e-03 8.520308882e-03 9.715732187e-03 1.094100438e-02 1.219129469e-02
 1.359599084e-02 1.504467614e-02 1.651410758e-02 1.799640246e-02 1.948682964e-02
 2.098422498e-02 2.248792164e-02 2.399679646e-02 2.550913766e-02 2.702266909e-02
 2.853461169e-02 3.004174307e-02 3.154044971e-02 3.302677348e-02 3.449648619e-02
 3.594513237e-02 3.736808896e-02 3.876062483e-02 4.011796042e-02 4.143529385e-02
 4.270784184e-02 4.393080622e-02 4.509937018e-02 4.620865360e-02 4.725396633e-02
 4.823240638e-02 4.914665967e-02 5.000138655e-02 5.085031316e-02 5.178134143e-02
 5.265518650e-02 5.346920714e-02 5.421821773e-02 5.490285903e-02 5.552661791e-02
 5.609328672e-02 5.660642684e-02 5.706933513e-02 5.748509243e-02 5.785661563e-02
 8.124588203e-05 1.768346410e-04 2.980651334e-04 4.327476781e-04 5.676062428e-04
 7.034374867e-04 8.320657653e-04 9.202581714e-04 9.569320828e-04 9.326125146e-04
 8.412545430e-04 6.845519529e-04 4.828266683e-04 2.849871817e-04 4.741174344e-04
 1.264287159e-03 2.349166200e-03 3.545458196e-03 4.787031561e-03 6.099174730e-03
 7.450767793e-03 8.820562623e-03 1.019262243e-02 1.158866379e-02 1.302939840e-02
 1.453513466e-02 1.609646156e-02 1.769536361e-02 1.929438487e-02 2.089760266e-02
 2.250812389e-02 2.412643470e-02 2.575174719e-02 2.738237195e-02 2.901587449e-02
 3.064915910e-02 3.227853030e-02 3.389976174e-02 3.550816327e-02 3.709865361e-02
 3.866584972e-02 4.020414501e-02 4.170780629e-02 4.317107797e-02 4.458826035e-02
 4.595377669e-02 4.726225510e-02 4.850849137e-02 4.968732223e-02 5.079304799e-02
 5.181722715e-02 5.276097730e-02 5.366751924e-02 5.455551296e-02 5.543946847e-02
 5.629980192e-02 5.709812790e-02 5.781545117e-02 5.846153572e-02 5.904212967e-02
 5.956164747e-02 6.002403051e-02 6.043299660e-02 6.079209223e-02 6.110472605e-02
 1.250541245e-04 2.709628316e-04 4.539510992e-04 6.545564393e-04 8.537677350e-04
 1.044533914e-03 1.193696051e-03 1.274134498e-03 1.259674667e-03 1.123039518e-03
 8.324520313e-04 3.472980170e-04-3.899626900e-04-1.487372443e-03-1.782837790e-03
-6.073633558e-04 9.471673402e-04 2.674795222e-03 4.392715171e-03 6.084875669e-03
 7.739575114e-03 9.362614714e-03 1.096546184e-02 1.256260183e-02 1.416799240e-02
 1.579149626e-02 1.743763499e-02 1.910552569e-02 2.079173550e-02 2.249409258e-02
 2.421146259e-02 2.594282292e-02 2.768667229e-02 2.944081090e-02 3.120226786e-02
 3.296729550e-02 3.473141789e-02 3.648946807e-02 3.823566809e-02 3.996372223e-02
 4.166692123e-02 4.333827272e-02 4.497065395e-02 4.655694589e-02 4.809022322e-02
 4.956392571e-02 5.097201839e-02 5.230922997e-02 5.357129872e-02 5.475548282e-02
 5.586153641e-02 5.689305812e-02 5.785721913e-02 5.876032263e-02 5.960498750e-02
 6.038939580e-02 6.110851467e-02 6.175874546e-02 6.234004349e-02 6.285464019e-02
 6.330587715e-02 6.369754672e-02 6.403362006e-02 6.431806087e-02 6.455475092e-02
 2.070232586e-04 4.471266293e-04 7.461563800e-04 1.072289306e-03 1.394002698e-03
 1.690891222e-03 1.919611124e-03 2.049218398e-03 2.047265647e-03 1.877224306e-03
 1.494357595e-03 8.401779924e-04-1.634862274e-04-1.635282999e-03-2.466571284e-03
-2.051101066e-03-3.481635067e-04 2.278913278e-03 4.545791540e-03 6.587096024e-03
 8.484956808e-03 1.029186975e-02 1.204414945e-02 1.376809832e-02 1.548308879e-02
 1.720267348e-02 1.893582195e-02 2.068820037e-02 2.246296778e-02 2.426141873e-02
 2.608369291e-02 2.792898379e-02 2.979556099e-02 3.168074787e-02 3.358089924e-02
 3.549139574e-02 3.740667179e-02 3.932026029e-02 4.122487456e-02 4.311250523e-02
 4.497457296e-02 4.680208489e-02 4.858585820e-02 5.031675100e-02 5.198590830e-02
 5.358507484e-02 5.510683730e-02 5.654496327e-02 5.789467320e-02 5.915291607e-02
 6.031860784e-02 6.139250845e-02 6.237669289e-02 6.327398121e-02 6.408709288e-02
 6.481823325e-02 6.546951085e-02 6.604325026e-02 6.654237211e-02 6.697057188e-02
 6.733212620e-02 6.763165444e-02 6.787388772e-02 6.806351990e-02 6.820510328e-02
 3.578761534e-04 7.679443806e-04 1.270669862e-03 1.808399102e-03 2.329068258e-03
 2.795236418e-03 3.166858573e-03 3.413649043e-03 3.505701432e-03 3.413976869e-03
 3.101764014e-03 2.518878784e-03 1.585299498e-03 1.418657921e-04-7.439985638e-04
-4.676546378e-04 1.132861711e-03 3.743744921e-03 6.001302507e-03 8.038123138e-03
 9.939379059e-03 1.176017709e-02 1.353569701e-02 1.529330760e-02 1.705034636e-02
 1.881964132e-02 2.061101049e-02 2.243131399e-02 2.428494766e-02 2.617437020e-02
 2.810040861e-02 3.006247245e-02 3.205866367e-02 3.408581764e-02 3.613951430e-02
 3.821406886e-02 4.030255601e-02 4.239682481e-02 4.448758438e-02 4.656448588e-02
 4.861632735e-02 5.063124001e-02 5.259699747e-02 5.450134724e-02 5.633240193e-02
 5.807904527e-02 5.973136425e-02 6.128100306e-02 6.272152066e-02 6.404857337e-02
 6.526001543e-02 6.635580957e-02 6.733776629e-02 6.820914149e-02 6.897424906e-02
 6.963815540e-02 7.020638883e-02 7.068486512e-02 7.107979059e-02 7.139755040e-02
 7.164455205e-02 7.182714343e-02 7.195145637e-02 7.202331722e-02 7.204819471e-02
 6.453560200e-04 1.372118481e-03 2.235741122e-03 3.114585066e-03 3.904236248e-03
 4.563353490e-03 5.113921594e-03 5.525444169e-03 5.753279198e-03 5.796169862e-03
 5.662420765e-03 5.360643379e-03 4.903744906e-03 4.349930212e-03 4.079411738e-03
 4.435582552e-03 5.508942995e-03 7.086289115e-03 8.741447702e-03 1.040616166e-02
 1.206930447e-02 1.373585127e-02 1.541426405e-02 1.711468026e-02 1.884629391e-02
 2.061687037e-02 2.243264206e-02 2.429833636e-02 2.621720359e-02 2.819106355e-02
 3.022035584e-02 3.230413795e-02 3.444007412e-02 3.662438691e-02 3.885178268e-02
 4.111539945e-02 4.340672120e-02 4.571557790e-02 4.803013429e-02 5.033698305e-02
 5.262131244e-02 5.486715958e-02 5.705782771e-02 5.917634070e-02 6.120606139e-02
 6.313134730e-02 6.493820995e-02 6.661494076e-02 6.815260649e-02 6.954538822e-02
 7.079068571e-02 7.188901305e-02 7.284368575e-02 7.366038114e-02 7.434657216e-02
 7.491099834e-02 7.536316663e-02 7.571291924e-02 7.597010583e-02 7.614430785e-02
 7.624465972e-02 7.627972215e-02 7.625739276e-02 7.618485391e-02 7.606859505e-02
 1.217034995e-03 2.580067376e-03 4.152494483e-03 5.630415864e-03 6.787170656e-03
 7.598547265e-03 8.196217008e-03 8.609940298e-03 8.831787854e-03 8.906221017e-03
 8.875727654e-03 8.782926947e-03 8.682785556e-03 8.652891964e-03 8.788613603e-03
 9.174508043e-03 9.844792075e-03 1.077152696e-02 1.189469546e-02 1.315735374e-02
 1.452271827e-02 1.597176306e-02 1.749566570e-02 1.909148879e-02 2.075941674e-02
 2.250110544e-02 2.431870624e-02 2.621425316e-02 2.818929031e-02 3.024459071e-02
 3.237995133e-02 3.459400311e-02 3.688403964e-02 3.924581036e-02 4.167334363e-02
 4.415872321e-02 4.669190571e-02 4.926053807e-02 5.184984580e-02 5.444259569e-02
 5.701919273e-02 5.955794454e-02 6.203555688e-02 6.442784518e-02 6.671067327e-02
 6.886108220e-02 7.085849345e-02 7.268582284e-02 7.433047891e-02 7.578489929e-02
 7.704684138e-02 7.811902463e-02 7.900854200e-02 7.972600311e-02 8.028452098e-02
 8.069872856e-02 8.098386228e-02 8.115507662e-02 8.122687787e-02 8.121278137e-02
 8.112510294e-02 8.097485453e-02 8.077175915e-02 8.052431047e-02 8.023985475e-02
 2.302863402e-03 5.074105226e-03 8.409311995e-03 1.102310698e-02 1.215693820e-02
 1.252345461e-02 1.263289433e-02 1.262761839e-02 1.255835965e-02 1.245349925e-02
 1.233857963e-02 1.224178355e-02 1.219623536e-02 1.223949343e-02 1.240952499e-02
 1.273744460e-02 1.324110944e-02 1.392294187e-02 1.477284264e-02 1.577488519e-02
 1.691330038e-02 1.817569323e-02 1.955365203e-02 2.104218677e-02 2.263886295e-02
 2.434295975e-02 2.615476958e-02 2.807504125e-02 3.010454401e-02 3.224370256e-02
 3.449228778e-02 3.684911504e-02 3.931175172e-02 4.187618196e-02 4.453646392e-02
 4.728434980e-02 5.010886490e-02 5.299588293e-02 5.592774227e-02 5.888290703e-02
 6.183579564e-02 6.475691497e-02 6.761330366e-02 7.036950439e-02 7.298911363e-02
 7.543673366e-02 7.768038660e-02 7.969385386e-02 8.145860583e-02 8.296507597e-02
 8.421282470e-02 8.520992845e-02 8.597163856e-02 8.651816845e-02 8.687274158e-02
 8.705972880e-02 8.710315078e-02 8.702560514e-02 8.684758842e-02 8.658722788e-02
 8.626016974e-02 8.587972075e-02 8.545701206e-02 8.500131220e-02 8.452019840e-02
 3.673419589e-03 8.523921482e-03 1.564480551e-02 2.015698701e-02 1.927891560e-02
 1.820803434e-02 1.745052077e-02 1.686344296e-02 1.638754830e-02 1.599847898e-02
 1.568881981e-02 1.546151657e-02 1.532652695e-02 1.529806759e-02 1.539174467e-02
 1.562174503e-02 1.599843241e-02 1.652717777e-02 1.720881276e-02 1.804095693e-02
 1.901970804e-02 2.014105767e-02 2.140178345e-02 2.279982902e-02 2.433432266e-02
 2.600539289e-02 2.781390585e-02 2.976116911e-02 3.184863925e-02 3.407764435e-02
 3.644907102e-02 3.896306455e-02 4.161868244e-02 4.441347346e-02 4.734299704e-02
 5.040024221e-02 5.357492715e-02 5.685270205e-02 6.021424383e-02 6.363432854e-02
 6.708095223e-02 7.051475346e-02 7.388896495e-02 7.715040445e-02 8.024165034e-02
 8.310474455e-02 8.568610996e-02 8.794172853e-02 8.984220773e-02 9.137551486e-02
 9.254760295e-02 9.337985516e-02 9.390458465e-02 9.416112304e-02 9.419109672e-02
 9.403497726e-02 9.372980893e-02 9.330799431e-02 9.279695898e-02 9.221925586e-02
 9.159307182e-02 9.093281627e-02 9.024974704e-02 8.955256641e-02 8.884792775e-02
 4.575171042e-03 1.051314827e-02 1.889446750e-02 2.430254407e-02 2.365639620e-02
 2.244569361e-02 2.136693709e-02 2.044648677e-02 1.970054768e-02 1.909325831e-02
 1.860760339e-02 1.823670231e-02 1.798035949e-02 1.784270443e-02 1.783023402e-02
 1.795019396e-02 1.820934378e-02 1.861321181e-02 1.916580461e-02 1.986978017e-02
 2.072686888e-02 2.173837461e-02 2.290558815e-02 2.423008718e-02 2.571387403e-02
 2.735942230e-02 2.916963398e-02 3.114772402e-02 3.329710662e-02 3.562122583e-02
 3.812334314e-02 4.080633074e-02 4.367232695e-02 4.672234133e-02 4.995568842e-02
 5.336927250e-02 5.695665255e-02 6.070680916e-02 6.460252404e-02 6.861842424e-02
 7.271860540e-02 7.685408741e-02 8.096062392e-02 8.495785296e-02 8.875121176e-02
 9.223812819e-02 9.531891346e-02 9.791151434e-02 9.996375442e-02 1.014619395e-01
 1.024295539e-01 1.029205546e-01 1.030086875e-01 1.027722657e-01 1.022859067e-01
 1.016150787e-01 1.008139029e-01 9.992515296e-02 9.898151457e-02 9.800726175e-02
 9.701997042e-02 9.603211284e-02 9.505228698e-02 9.408627450e-02 9.313780069e-02
 5.030031316e-03 1.146717090e-02 2.040315606e-02 2.629700489e-02 2.597496100e-02
 2.490171045e-02 2.389749326e-02 2.298482694e-02 2.218019776e-02 2.148667909e-02
 2.090416662e-02 2.043309622e-02 2.007570490e-02 1.983605511e-02 1.971958950e-02
 1.973257586e-02 1.988155954e-02 2.017295174e-02 2.061280049e-02 2.120671608e-02
 2.195990831e-02 2.287732624e-02 2.396381460e-02 2.522424981e-02 2.666365914e-02
 2.828730457e-02 3.010071628e-02 3.210971504e-02 3.432042524e-02 3.673924878e-02
 3.937282786e-02 4.222799093e-02 4.531159624e-02 4.863023013e-02 5.218982697e-02
 5.599491298e-02 6.004765630e-02 6.434646249e-02 6.888411939e-02 7.364472002e-02
 7.859918475e-02 8.369883150e-02 8.886707574e-02 9.399031848e-02 9.891181439e-02
 1.034357026e-01 1.073502153e-01 1.104677096e-01 1.126755551e-01 1.139625534e-01
 1.144191772e-01 1.141996533e-01 1.134718359e-01 1.123939008e-01 1.110943481e-01
 1.096693352e-01 1.081867218e-01 1.066920683e-01 1.052145585e-01 1.037718505e-01
 1.023738161e-01 1.010251716e-01 9.972737730e-02 9.847988188e-02 9.728093445e-02
 5.257821176e-03 1.194631029e-02 2.117029577e-02 2.734384127e-02 2.725673653e-02
 2.635617927e-02 2.547937445e-02 2.464694344e-02 2.387319133e-02 2.317015640e-02
 2.254853025e-02 2.201726660e-02 2.158450708e-02 2.125823870e-02 2.104659565e-02
 2.095794119e-02 2.100079879e-02 2.118374221e-02 2.151528001e-02 2.200377919e-02
 2.265742049e-02 2.348422259e-02 2.449208312e-02 2.568884939e-02 2.708240598e-02
 2.868075296e-02 3.049211018e-02 3.252501041e-02 3.478842601e-02 3.729190305e-02
 4.004577175e-02 4.306138307e-02 4.635137320e-02 4.992990941e-02 5.381217971e-02
 5.801395699e-02 6.255103648e-02 6.743882596e-02 7.269126177e-02 7.831916958e-02
 8.432581276e-02 9.069778025e-02 9.738817811e-02 1.042866856e-01 1.111722440e-01
 1.176607758e-01 1.232117265e-01 1.272976846e-01 1.296095252e-01 1.301749349e-01
 1.293282211e-01 1.275513917e-01 1.252790838e-01 1.227948293e-01 1.202736422e-01
 1.178150550e-01 1.154692471e-01 1.132567227e-01 1.111812815e-01 1.092379093e-01
 1.074174345e-01 1.057091132e-01 1.041020602e-01 1.025859937e-01 1.011515111e-01
 5.376935471e-03 1.219915040e-02 2.158155665e-02 2.791023068e-02 2.792638168e-02
 2.715308778e-02 2.643158287e-02 2.568240464e-02 2.494806238e-02 2.425007708e-02
 2.360484935e-02 2.302626707e-02 2.252680808e-02 2.211821266e-02 2.181192115e-02
 2.161932550e-02 2.155186050e-02 2.162104286e-02 2.183837816e-02 2.221526578e-02
 2.276289091e-02 2.349219471e-02 2.441391163e-02 2.553861216e-02 2.687676251e-02
 2.843882143e-02 3.023536876e-02 3.227725625e-02 3.457581997e-02 3.714308888e-02
 3.999214247e-02 4.313759506e-02 4.659672454e-02 5.039161071e-02 5.455208197e-02
 5.910703167e-02 6.408869475e-02 6.952936202e-02 7.546866685e-02 8.196052909e-02
 8.907285333e-02 9.688729793e-02 1.054963842e-01 1.149895638e-01 1.253947616e-01
 1.365199834e-01 1.464486569e-01 1.528022438e-01 1.549647152e-01 1.527459919e-01
 1.477774531e-01 1.425579637e-01 1.375892162e-01 1.330118477e-01 1.289055198e-01
 1.252486408e-01 1.219889745e-01 1.190695316e-01 1.164378449e-01 1.140486225e-01
 1.118639335e-01 1.098524705e-01 1.079885289e-01 1.062510908e-01 1.046229526e-01
 5.441447720e-03 1.233852003e-02 2.181613632e-02 2.825486474e-02 2.841396257e-02
 2.772532776e-02 2.701154724e-02 2.628313750e-02 2.555434965e-02 2.484081499e-02
 2.415807545e-02 2.352107875e-02 2.294425480e-02 2.244175971e-02 2.202772349e-02
 2.171645500e-02 2.152257040e-02 2.146103606e-02 2.154695801e-02 2.179521881e-02
 2.222021297e-02 2.283574082e-02 2.365523390e-02 2.469174378e-02 2.595792897e-02
 2.746620774e-02 2.922897227e-02 3.125872090e-02 3.356827050e-02 3.617100418e-02
 3.908111900e-02 4.231383651e-02 4.588534683e-02 4.985107481e-02 5.423012003e-02
 5.903583020e-02 6.430863589e-02 7.014509290e-02 7.657895237e-02 8.369076997e-02
 9.160865098e-02 1.005116105e-01 1.106601581e-01 1.224492043e-01 1.365013123e-01
 1.539804339e-01 1.693454981e-01 1.782481819e-01 1.809698641e-01 1.772258431e-01
 1.673767120e-01 1.559001952e-01 1.474444568e-01 1.407530159e-01 1.352964044e-01
 1.307379603e-01 1.268507987e-01 1.234767064e-01 1.205023825e-01 1.178448498e-01
 1.154422611e-01 1.132477969e-01 1.112256199e-01 1.093479618e-01 1.075931191e-01
 5.473992787e-03 1.240908634e-02 2.193200961e-02 2.842318825e-02 2.863571048e-02
 2.798074484e-02 2.727720886e-02 2.654063888e-02 2.578576468e-02 2.502735518e-02
 2.428028360e-02 2.355956100e-02 2.288041636e-02 2.225842886e-02 2.170972340e-02
 2.125119045e-02 2.090048045e-02 2.067701146e-02 2.060119435e-02 2.069250681e-02
 2.096892521e-02 2.144587040e-02 2.213949151e-02 2.306545526e-02 2.423803322e-02
 2.567085624e-02 2.737741545e-02 2.937095612e-02 3.166485578e-02 3.427284956e-02
 3.720928729e-02 4.048939049e-02 4.412866756e-02 4.817642644e-02 5.265813693e-02
 5.758482590e-02 6.299562752e-02 6.898395717e-02 7.557570189e-02 8.285164833e-02
 9.093332291e-02 9.998942912e-02 1.102640778e-01 1.221268103e-01 1.361751556e-01
 1.536168009e-01 1.691467762e-01 1.784884334e-01 1.820542514e-01 1.796533465e-01
 1.704232097e-01 1.585008949e-01 1.498348117e-01 1.431147158e-01 1.376956105e-01
 1.331908703e-01 1.293530315e-01 1.260156780e-01 1.230627671e-01 1.204112098e-01
 1.180002540e-01 1.157848313e-01 1.137310714e-01 1.118132100e-01 1.100114435e-01
 5.484854802e-03 1.243172213e-02 2.197130024e-02 2.847361192e-02 2.868518978e-02
 2.802260034e-02 2.729666978e-02 2.652054466e-02 2.570778877e-02 2.487226762e-02
 2.402825281e-02 2.319053374e-02 2.237454429e-02 2.159654535e-02 2.087377943e-02
 2.022558637e-02 1.967570558e-02 1.924826205e-02 1.896762475e-02 1.885789447e-02
 1.894237287e-02 1.924299076e-02 1.977992058e-02 2.057035081e-02 2.162642777e-02
 2.296060137e-02 2.458830364e-02 2.652245760e-02 2.877584659e-02 3.136130795e-02
 3.429199755e-02 3.758214414e-02 4.124792665e-02 4.530935362e-02 4.979055747e-02
 5.471652746e-02 6.011422351e-02 6.601271033e-02 7.244549692e-02 7.945623994e-02
 8.709836006e-02 9.543283284e-02 1.045209318e-01 1.144012138e-01 1.250113696e-01
 1.359581649e-01 1.457344890e-01 1.527210474e-01 1.563730687e-01 1.565531343e-01
 1.535505950e-01 1.489074975e-01 1.442246437e-01 1.399277598e-01 1.360833496e-01
 1.326491535e-01 1.295610368e-01 1.267577410e-01 1.241876408e-01 1.218093559e-01
 1.195906848e-01 1.175068170e-01 1.155387908e-01 1.136720702e-01 1.118954122e-01
 5.480199587e-03 1.241989341e-02 2.194132656e-02 2.842300199e-02 2.861218899e-02
 2.790840901e-02 2.712661587e-02 2.627778240e-02 2.537358366e-02 2.442644723e-02
 2.344957739e-02 2.245701477e-02 2.146377042e-02 2.048590221e-02 1.954442263e-02
 1.866440102e-02 1.787237450e-02 1.719593443e-02 1.666335948e-02 1.630314440e-02
 1.614348032e-02 1.621165872e-02 1.653338782e-02 1.713198982e-02 1.802753098e-02
 1.923625357e-02 2.076881938e-02 2.262600698e-02 2.482019179e-02 2.736294270e-02
 3.026383743e-02 3.353284672e-02 3.718012199e-02 4.121632501e-02 4.565238953e-02
 5.049894005e-02 5.576561019e-02 6.146018580e-02 6.758779287e-02 7.414817810e-02
 8.113083988e-02 8.850577474e-02 9.620727599e-02 1.041072011e-01 1.119757965e-01
 1.194415763e-01 1.261152029e-01 1.315488070e-01 1.353522986e-01 1.374575049e-01
 1.380379796e-01 1.374572963e-01 1.361265182e-01 1.343817264e-01 1.324359775e-01
 1.304095536e-01 1.283660084e-01 1.263376623e-01 1.243408471e-01 1.223840937e-01
 1.204722524e-01 1.186084747e-01 1.167950407e-01 1.150336489e-01 1.133254915e-01
 5.464064889e-03 1.238233875e-02 2.187861316e-02 2.831765264e-02 2.844300494e-02
 2.767157927e-02 2.680578642e-02 2.585402876e-02 2.482622303e-02 2.373326011e-02
 2.258696966e-02 2.140018716e-02 2.018679306e-02 1.896762848e-02 1.776789129e-02
 1.661496051e-02 1.553809550e-02 1.456810813e-02 1.373694558e-02 1.307720225e-02
 1.262156572e-02 1.240219455e-02 1.245003939e-02 1.279408671e-02 1.346053462e-02
 1.447184570e-02 1.584560238e-02 1.759323850e-02 1.971965842e-02 2.221779712e-02
 2.508264221e-02 2.832247131e-02 3.194016591e-02 3.593799844e-02 4.031648859e-02
 4.507410899e-02 5.020608380e-02 5.570292845e-02 6.154832616e-02 6.771600246e-02
 7.416515052e-02 8.083418757e-02 8.763296157e-02 9.443465620e-02 1.010707840e-01
 1.073359847e-01 1.130867451e-01 1.181338131e-01 1.222521663e-01 1.253802627e-01
 1.275426596e-01 1.288350523e-01 1.293948293e-01 1.293651313e-01 1.288761348e-01
 1.280355006e-01 1.269290149e-01 1.256248206e-01 1.241771802e-01 1.226298362e-01
 1.210181564e-01 1.193706617e-01 1.177100688e-01 1.160542145e-01 1.144167557e-01
 5.439531524e-03 1.232588664e-02 2.176648937e-02 2.814102359e-02 2.819779515e-02
 2.733960561e-02 2.636573464e-02 2.528406493e-02 2.410314791e-02 2.283228561e-02
 2.148164809e-02 2.006233856e-02 1.859308034e-02 1.709804870e-02 1.560423151e-02
 1.414121781e-02 1.274093799e-02 1.143728942e-02 1.026569586e-02 9.262575768e-03
 8.464754559e-03 7.908818312e-03 7.630419452e-03 7.663536351e-03 8.039686829e-03
 8.787070401e-03 9.929610416e-03 1.148586255e-02 1.346766576e-02 1.587842964e-02
 1.871197671e-02 2.194804139e-02 2.555913292e-02 2.954676002e-02 3.390328959e-02
 3.861876950e-02 4.367933050e-02 4.906622693e-02 5.475385860e-02 6.070769951e-02
 6.688176841e-02 7.321576774e-02 7.963254303e-02 8.603674173e-02 9.231621027e-02
 9.835059196e-02 1.040309444e-01 1.092359722e-01 1.138391569e-01 1.177574247e-01
 1.209482178e-01 1.234036162e-01 1.251468807e-01 1.262273192e-01 1.267118603e-01
 1.266795844e-01 1.262146682e-01 1.253998429e-01 1.243130788e-01 1.230239496e-01
 1.215919703e-01 1.200662330e-01 1.184859201e-01 1.168814674e-01 1.152758375e-01
 5.409133155e-03 1.225643512e-02 2.165110037e-02 2.795382775e-02 2.790804580e-02
 2.693986893e-02 2.583508380e-02 2.459941618e-02 2.323935553e-02 2.176215127e-02
 2.017582953e-02 1.849509589e-02 1.674214751e-02 1.494252961e-02 1.312501729e-02
 1.132143848e-02 9.566360153e-03 7.896697149e-03 6.351205520e-03 4.969907459e-03
 3.793445416e-03 2.862394555e-03 2.216550987e-03 1.894200686e-03 1.931378501e-03
 2.361098537e-03 3.212530166e-03 4.510074388e-03 6.272290833e-03 8.510552347e-03
 1.122733578e-02 1.441394910e-02 1.804846339e-02 2.209168673e-02 2.649457008e-02
 3.124982305e-02 3.633909672e-02 4.174056649e-02 4.742791876e-02 5.336904153e-02
 5.952455848e-02 6.584677100e-02 7.227861881e-02 7.875317335e-02 8.519380540e-02
 9.151493013e-02 9.762199223e-02 1.034113765e-01 1.087723970e-01 1.135925651e-01
 1.177649349e-01 1.212027520e-01 1.238495931e-01 1.256907731e-01 1.267615557e-01
 1.271376908e-01 1.269241273e-01 1.262404025e-01 1.252009273e-01 1.239066944e-01
 1.224412024e-01 1.208700687e-01 1.192428991e-01 1.175960302e-01 1.159552857e-01
 5.374632776e-03 1.217778679e-02 2.149706520e-02 2.771638334e-02 2.758198231e-02
 2.648926526e-02 2.523689531e-02 2.382854000e-02 2.226863056e-02 2.056214400e-02
 1.871807314e-02 1.675581001e-02 1.469856314e-02 1.257330831e-02 1.041070372e-02
 8.244868368e-03 6.113046780e-03 4.055149388e-03 2.113186754e-03 3.306145663e-04
-1.248379471e-03-2.579624765e-03-3.619717201e-03-4.326751921e-03-4.661022220e-03
-4.585694056e-03-4.067470320e-03-3.077295143e-03-1.591163455e-03 4.088800342e-04
 2.933464479e-03 5.984210875e-03 9.551486000e-03 1.361139398e-02 1.812283508e-02
 2.302208543e-02 2.825073153e-02 3.379411995e-02 3.962982446e-02 4.573278129e-02
 5.207555369e-02 5.862717703e-02 6.535267830e-02 7.221221924e-02 7.915957272e-02
 8.613929152e-02 9.308170527e-02 9.989481419e-02 1.064533219e-01 1.125883609e-01
 1.180892959e-01 1.227162927e-01 1.262681037e-01 1.286457330e-01 1.298756301e-01
 1.301130652e-01 1.295806170e-01 1.284956336e-01 1.270477921e-01 1.253819168e-01
 1.236013919e-01 1.217765585e-01 1.199534014e-01 1.181608588e-01 1.164162382e-01
 5.337426905e-03 1.209300663e-02 2.135766298e-02 2.748973481e-02 2.723051421e-02
 2.600389719e-02 2.459276840e-02 2.299897373e-02 2.122496814e-02 1.927359030e-02
 1.715983823e-02 1.490389835e-02 1.253013499e-02 1.006711833e-02 7.547517307e-03
 5.007857457e-03 2.488133498e-03 3.128062963e-05-2.317474922e-03-4.511364270e-03
-6.502882112e-03-8.244613186e-03-9.690039791e-03-1.079429034e-02-1.151481178e-02
-1.181195024e-02-1.164946612e-02-1.099500060e-02-9.820572101e-03-8.103181608e-03
-5.825640168e-03-2.977743512e-03 4.420830519e-04 4.424558487e-03 8.946504444e-03
 1.396687515e-02 1.942343079e-02 2.522175387e-02 3.132427856e-02 3.771663085e-02
 4.438489676e-02 5.131724104e-02 5.850370601e-02 6.593645364e-02 7.360944152e-02
 8.151635528e-02 8.964499831e-02 9.796390682e-02 1.063922569e-01 1.147359014e-01
 1.225757226e-01 1.292567104e-01 1.341056526e-01 1.367696673e-01 1.373485476e-01
 1.363485307e-01 1.344330460e-01 1.321004778e-01 1.296240091e-01 1.271574497e-01
 1.247782335e-01 1.225196421e-01 1.203914136e-01 1.183915511e-01 1.165125817e-01
 5.298899021e-03 1.200520247e-02 2.118377201e-02 2.722383663e-02 2.686608396e-02
 2.550055087e-02 2.392452955e-02 2.213805728e-02 2.014135197e-02 1.794080995e-02
 1.555322763e-02 1.299976464e-02 1.030614506e-02 7.502694614e-03 4.624237772e-03
 1.709826640e-03-1.197708072e-03-4.052365199e-03-6.805725396e-03-9.407807142e-03
-1.180798654e-02-1.395592187e-02-1.580243185e-02-1.730028540e-02-1.840486191e-02
-1.907465421e-02-1.927164756e-02-1.896156743e-02-1.811406761e-02-1.670295931e-02
-1.470655482e-02-1.210828312e-02-8.897735737e-03-5.072291009e-03-6.394548691e-04
 4.379947670e-03 9.947421961e-03 1.600131392e-02 2.245370857e-02 2.920594811e-02
 3.626239672e-02 4.362815619e-02 5.131668225e-02 5.935277790e-02 6.777626276e-02
 7.664738595e-02 8.605381846e-02 9.612023085e-02 1.070226356e-01 1.190231517e-01
 1.328133196e-01 1.446630508e-01 1.518981010e-01 1.545187235e-01 1.517064720e-01
 1.458842456e-01 1.405873001e-01 1.359106153e-01 1.318397224e-01 1.283143163e-01
 1.252429783e-01 1.225409582e-01 1.201381460e-01 1.179786399e-01 1.160184294e-01
 5.260482430e-03 1.191767957e-02 2.104249410e-02 2.699116059e-02 2.650191449e-02
 2.499695681e-02 2.325511165e-02 2.127516270e-02 1.905565336e-02 1.660811715e-02
 1.394993532e-02 1.110327989e-02 8.095300756e-03 4.958174191e-03 1.728978707e-03
-1.550626243e-03-4.834916443e-03-8.074809797e-03-1.121873129e-02-1.421359926e-02
-1.700586453e-02-1.954255626e-02-2.177224681e-02-2.364589646e-02-2.511752211e-02
-2.614464983e-02-2.668857388e-02-2.671441622e-02-2.619105577e-02-2.509099618e-02
-2.339029126e-02-2.106864005e-02-1.810982637e-02-1.450267807e-02-1.024271175e-02
-5.334701389e-03 2.037878148e-04 6.337744184e-03 1.300862152e-02 2.012805641e-02
 2.756733820e-02 3.532763571e-02 4.343490303e-02 5.193114653e-02 6.088205427e-02
 7.038726658e-02 8.059807122e-02 9.174681455e-02 1.041967124e-01 1.185174435e-01
 1.356176883e-01 1.503061354e-01 1.592749357e-01 1.628056467e-01 1.608008742e-01
 1.529372931e-01 1.434531659e-01 1.366430223e-01 1.314533353e-01 1.273398548e-01
 1.239746287e-01 1.211489588e-01 1.187238470e-01 1.166031659e-01 1.147184074e-01
 5.223502871e-03 1.183360722e-02 2.087589726e-02 2.673765458e-02 2.615484595e-02
 2.451138757e-02 2.260601893e-02 2.043606155e-02 1.800192334e-02 1.531688869e-02
 1.239906251e-02 9.271718562e-03 5.963517353e-03 2.508553909e-03-1.053787186e-03
-4.679205362e-03-8.319080807e-03-1.192128658e-02-1.543117873e-02-1.879271492e-02
-2.194963582e-02-2.484663203e-02-2.743041143e-02-2.965061553e-02-3.146050870e-02
-3.281740472e-02-3.368282691e-02-3.402243555e-02-3.380572423e-02-3.300559521e-02
-3.159794956e-02-2.956131101e-02-2.687679231e-02-2.352843806e-02-1.950423978e-02
-1.479799394e-02-9.412256069e-03-3.362559946e-03 3.317051101e-03 1.056687720e-02
 1.829282939e-02 2.636172995e-02 3.473642841e-02 4.345303401e-02 5.256380141e-02
 6.214521825e-02 7.230693102e-02 8.320647478e-02 9.507457167e-02 1.082769781e-01
 1.236931756e-01 1.369892955e-01 1.455671340e-01 1.497238725e-01 1.493189037e-01
 1.436592788e-01 1.361805201e-01 1.307697296e-01 1.265439540e-01 1.231400147e-01
 1.203296036e-01 1.179582030e-01 1.159175336e-01 1.141298264e-01 1.125380769e-01
 5.188778043e-03 1.175473910e-02 2.075059898e-02 2.653256059e-02 2.583238296e-02
 2.405579388e-02 2.199565992e-02 1.964659244e-02 1.701206155e-02 1.410571113e-02
 1.094638836e-02 7.558499929e-03 3.972237464e-03 2.236240398e-04-3.645665012e-03
-7.588731591e-03-1.155413594e-02-1.548681874e-02-1.932921633e-02-2.302252688e-02
-2.650802024e-02-2.972833999e-02-3.262868524e-02-3.515779227e-02-3.726866096e-02
-3.891897574e-02-4.007120430e-02-4.069239274e-02-4.075371101e-02-4.022981972e-02
-3.909812868e-02-3.733814508e-02-3.493098542e-02-3.185927868e-02-2.810764313e-02
-2.366395295e-02-1.852164418e-02-1.268333290e-02-6.165942643e-03 9.925442282e-04
 8.724885993e-03 1.692439988e-02 2.543743700e-02 3.417696431e-02 4.315953329e-02
 5.240271986e-02 6.192219257e-02 7.171866298e-02 8.174832165e-02 9.185306728e-02
 1.016216129e-01 1.102302969e-01 1.168953851e-01 1.212397367e-01 1.232149452e-01
 1.231318638e-01 1.217761934e-01 1.199627072e-01 1.180973500e-01 1.163378283e-01
 1.147293150e-01 1.132719815e-01 1.119496748e-01 1.107418835e-01 1.096285880e-01
 5.156923085e-03 1.168221515e-02 2.060757950e-02 2.631235123e-02 2.553082444e-02
 2.363789268e-02 2.143954486e-02 1.892950572e-02 1.611477323e-02 1.300952863e-02
 9.633430280e-03 6.012034602e-03 2.177040791e-03-1.833663322e-03-5.976210348e-03
-1.020123810e-02-1.445465814e-02-1.867867820e-02-2.281305194e-02-2.679647133e-02
-3.056801856e-02-3.406859562e-02-3.724219650e-02-4.003699496e-02-4.240607843e-02
-4.430789128e-02-4.570629075e-02-4.657024890e-02-4.687327892e-02-4.659262300e-02
-4.570833221e-02-4.420233518e-02-4.205767810e-02-3.925805911e-02-3.578789905e-02
-3.163313493e-02-2.678298205e-02-2.123297006e-02-1.498946641e-02-8.075980470e-03
-5.413289182e-04 7.530685980e-03 1.600963436e-02 2.470911480e-02 3.348417208e-02
 4.231094941e-02 5.114874616e-02 5.993075669e-02 6.854772568e-02 7.683026046e-02
 8.453982323e-02 9.140846133e-02 9.718810022e-02 1.017203331e-01 1.049844995e-01
 1.071024165e-01 1.082943827e-01 1.088157073e-01 1.088982075e-01 1.087095290e-01
 1.083592102e-01 1.079144254e-01 1.074146926e-01 1.068824828e-01 1.063301265e-01
 5.128905177e-03 1.161839068e-02 2.050512284e-02 2.614440955e-02 2.526605502e-02
 2.327208966e-02 2.095415257e-02 1.830553822e-02 1.533569209e-02 1.205930021e-02
 8.496813476e-03 4.674881697e-03 6.266126293e-04-3.608386964e-03-7.984248921e-03
-1.244938374e-02-1.694731973e-02-2.141783945e-02-2.579832263e-02-3.002528474e-02
-3.403593972e-02-3.776974231e-02-4.116978124e-02-4.418389499e-02-4.676548764e-02
-4.887395725e-02-5.047472566e-02-5.153889209e-02-5.204254389e-02-5.196585506e-02
-5.129199103e-02-5.000601336e-02-4.809390008e-02-4.554184526e-02-4.233599454e-02
-3.846288100e-02-3.391073644e-02-2.867197432e-02-2.274710126e-02-1.615034230e-02
-8.917105384e-03-1.113349572e-03 7.153798826e-03 1.572434045e-02 2.437670156e-02
 3.292529657e-02 4.131946713e-02 4.949211329e-02 5.735753849e-02 6.481092423e-02
 7.173451781e-02 7.800737023e-02 8.352834731e-02 8.823549002e-02 9.211700410e-02
 9.521290660e-02 9.760735184e-02 9.940880537e-02 1.007282510e-01 1.016675755e-01
 1.023117304e-01 1.027274579e-01 1.029653475e-01 1.030629948e-01 1.030482426e-01
 5.105734803e-03 1.156561542e-02 2.040074393e-02 2.598354034e-02 2.504752204e-02
 2.297047712e-02 2.055406012e-02 1.779299416e-02 1.469711959e-02 1.128165238e-02
 7.567776833e-03 3.583112499e-03-6.380018895e-04-5.054477137e-03-9.618734941e-03
-1.427729242e-02-1.897167228e-02-2.363961563e-02-2.821654081e-02-3.263716400e-02
-3.683718666e-02-4.075493291e-02-4.433280975e-02-4.751850292e-02-5.026582256e-02
-5.253512412e-02-5.429333821e-02-5.551357195e-02-5.617436394e-02-5.625867099e-02
-5.575269833e-02-5.464466661e-02-5.292367935e-02-5.057884380e-02-4.759879410e-02
-4.397180676e-02-3.968676925e-02-3.473516554e-02-2.911440097e-02-2.283267863e-02
-1.591563225e-02-8.414711803e-03-4.171025939e-04 7.943804376e-03 1.647830568e-02
 2.493477240e-02 3.313192353e-02 4.102151468e-02 4.854796454e-02 5.565031245e-02
 6.226583198e-02 6.833685189e-02 7.381691784e-02 7.867746055e-02 8.291257918e-02
 8.653979003e-02 8.959647268e-02 9.213447571e-02 9.421383590e-02 9.589571506e-02
 9.723796695e-02 9.829243273e-02 9.910389036e-02 9.971012175e-02 1.001425683e-01
 5.088228267e-03 1.152575854e-02 2.033800259e-02 2.588058822e-02 2.488279156e-02
 2.274323627e-02 2.025289834e-02 1.740769856e-02 1.421767287e-02 1.069840509e-02
 6.871636491e-03 2.765743993e-03-1.583976205e-03-6.135281641e-03-1.083926763e-02
-1.564098895e-02-2.048042417e-02-2.529375441e-02-3.001490049e-02-3.457722813e-02
-3.891531006e-02-4.296664149e-02-4.667316377e-02-4.998251051e-02-5.284886062e-02
-5.523340032e-02-5.710430816e-02-5.843633413e-02-5.921001732e-02-5.941061303e-02
-5.902683362e-02-5.804955214e-02-5.647056177e-02-5.428155512e-02-5.147351697e-02
-4.803660512e-02-4.396084324e-02-3.923771158e-02-3.386300430e-02-2.784104459e-02
-2.119055763e-02-1.395218726e-02-6.197459996e-03 1.961372560e-03 1.036200859e-02
 1.878486387e-02 2.695273235e-02 3.475597128e-02 4.216359556e-02 4.914234951e-02
 5.565930903e-02 6.168480590e-02 6.719595194e-02 7.217951119e-02 7.663363963e-02
 8.056841791e-02 8.400514722e-02 8.697412908e-02 8.951181918e-02 9.165810049e-02
 9.345369041e-02 9.493814409e-02 9.614854306e-02 9.711872041e-02 9.787900001e-02
 5.076967645e-03 1.150012389e-02 2.028551884e-02 2.580029704e-02 2.477695979e-02
 2.259752527e-02 2.005997300e-02 1.716110297e-02 1.391107496e-02 1.032571401e-02
 6.427126471e-03 2.244187286e-03-2.187175211e-03-6.823958829e-03-1.161638554e-02
-1.650855318e-02-2.143943124e-02-2.634418570e-02-3.115576506e-02-3.580666333e-02
-4.023073241e-02-4.436494783e-02-4.815096781e-02-5.153641477e-02-5.447573960e-02
-5.693069845e-02-5.887030810e-02-6.027042866e-02-6.111294031e-02-6.138462573e-02
-6.107589230e-02-6.017939374e-02-5.868874863e-02-5.659744889e-02-5.389812589e-02
-5.058231577e-02-4.664096981e-02-4.206579924e-02-3.685178235e-02-3.100099601e-02
-2.452793904e-02-1.746647246e-02-9.878219105e-03-1.861914876e-03 6.437215488e-03
 1.481985115e-02 2.302850597e-02 3.083305806e-02 3.821967915e-02 4.517145455e-02
 5.167089030e-02 5.770233274e-02 6.325405091e-02 6.831999868e-02 7.290096581e-02
 7.700511813e-02 8.064769208e-02 8.385019004e-02 8.663910627e-02 8.904439211e-02
 9.109791368e-02 9.283209592e-02 9.427881241e-02 9.546853602e-02 9.642977268e-02
 5.072317086e-03 1.148952823e-02 2.027195878e-02 2.577656135e-02 2.473323606e-02
 2.253774740e-02 1.998102851e-02 1.706035621e-02 1.378595736e-02 1.017376874e-02
 6.246060599e-03 2.031924436e-03-2.432437614e-03-7.103696465e-03-1.193170156e-02
-1.686014049e-02-2.182755433e-02-2.676868252e-02-3.161606193e-02-3.630182520e-02
-4.075952247e-02-4.492591321e-02-4.874254018e-02-5.215702206e-02-5.512393638e-02
-5.760525912e-02-5.957036838e-02-6.099557504e-02-6.186330691e-02-6.216097996e-02
-6.187967956e-02-6.101278961e-02-5.955466256e-02-5.749951303e-02-5.484063178e-02
-5.157012120e-02-4.767930880e-02-4.316001013e-02-3.800689802e-02-3.222117946e-02
-2.581570297e-02-1.882166788e-02-1.129676402e-02-3.334303852e-03 4.927622154e-03
 1.329857577e-02 2.153231390e-02 2.934929356e-02 3.674029931e-02 4.369357228e-02
 5.019673333e-02 5.623867735e-02 6.181133911e-02 6.691110134e-02 7.153980434e-02
 7.570520043e-02 7.942093909e-02 8.270600438e-02 8.558384329e-02 8.808124810e-02
 9.022717178e-02 9.205156565e-02 9.358436614e-02 9.485471249e-02 9.589029849e-02
 5.074454006e-03 1.149438042e-02 2.027713507e-02 2.578603849e-02 2.475322969e-02
 2.256586403e-02 2.001848631e-02 1.710840315e-02 1.384583768e-02 1.024669595e-02
 6.333198864e-03 2.134362003e-03-2.313710051e-03-6.967810448e-03-1.177793182e-02
-1.668792218e-02-2.163649723e-02-2.655856498e-02-3.138683736e-02-3.605359048e-02
-4.049250484e-02-4.464043304e-02-4.843895882e-02-5.183569342e-02-5.478515103e-02
-5.724919215e-02-5.919700861e-02-6.060468033e-02-6.145433709e-02-6.173305959e-02
-6.143155321e-02-6.054278836e-02-5.906068161e-02-5.697901547e-02-5.429065600e-02
-5.098733678e-02-4.706009477e-02-4.250061512e-02-3.730368242e-02-3.147094324e-02
-2.501618303e-02-1.797217131e-02-1.039899606e-02-2.393358853e-03 5.902107805e-03
 1.429121289e-02 2.252055146e-02 3.034019098e-02 3.773797676e-02 4.469881579e-02
 5.120700970e-02 5.724841729e-02 6.281253695e-02 6.789417565e-02 7.249449939e-02
 7.662154734e-02 8.029010147e-02 8.352092654e-02 8.633957803e-02 8.877504617e-02
 9.085837007e-02 9.262125194e-02 9.409504384e-02 9.530987591e-02 9.629405290e-02
 5.083344411e-03 1.151461620e-02 2.031575702e-02 2.584602498e-02 2.483688667e-02
 2.268123999e-02 2.017138153e-02 1.730395481e-02 1.408908702e-02 1.054251380e-02
 6.686191075e-03 2.548775170e-03-1.834095339e-03-6.419776473e-03-1.115891151e-02
-1.599607058e-02-2.087072656e-02-2.571856044e-02-3.047301993e-02-3.506704792e-02
-3.943487257e-02-4.351373762e-02-4.724543914e-02-5.057758093e-02-5.346444994e-02
-5.586743727e-02-5.775504932e-02-5.910245329e-02-5.989068374e-02-6.010554358e-02
-5.973633379e-02-5.877451599e-02-5.721245334e-02-5.504237860e-02-5.225570872e-02
-4.884293303e-02-4.479419813e-02-4.010088369e-02-3.475831449e-02-2.876992151e-02
-2.215295658e-02-1.494589541e-02-7.217319682e-03 9.243139066e-04 9.321162477e-03
 1.775858179e-02 2.596250363e-02 3.378826007e-02 4.121002555e-02 4.819903150e-02
 5.472635478e-02 6.076619402e-02 6.629864872e-02 7.131227851e-02 7.580593973e-02
 7.978928834e-02 8.328192681e-02 8.631185442e-02 8.891320229e-02 9.112355113e-02
 9.298167378e-02 9.452562034e-02 9.579144418e-02 9.681241214e-02 9.761860222e-02
 5.098713562e-03 1.154960040e-02 2.037811466e-02 2.594461106e-02 2.498137578e-02
 2.288043126e-02 2.043526433e-02 1.764143631e-02 1.450891234e-02 1.105313096e-02
 7.295590825e-03 3.264320083e-03-1.005843515e-03-5.473227240e-03-1.008959860e-02
-1.480076741e-02-1.954752393e-02-2.426687814e-02-2.889355831e-02-3.336165845e-02
-3.760636970e-02-4.156563058e-02-4.518162832e-02-4.840199277e-02-5.118064955e-02
-5.347824842e-02-5.526215956e-02-5.650607124e-02-5.718920380e-02-5.729528889e-02
-5.681132525e-02-5.572634563e-02-5.403022841e-02-5.171276256e-02-4.876312986e-02
-4.516995698e-02-4.092217982e-02-3.601093590e-02-3.043277934e-02-2.419438958e-02
-1.731904596e-02-9.854877368e-03-1.884593745e-03 6.463928614e-03 1.500769332e-02
 2.350185998e-02 3.172046319e-02 3.961687163e-02 4.714028910e-02 5.423589423e-02
 6.084835157e-02 6.692620367e-02 7.242877036e-02 7.733160257e-02 8.162962645e-02
 8.533790708e-02 8.848993480e-02 9.113252908e-02 9.331977367e-02 9.510803223e-02
 9.655166417e-02 9.770026058e-02 9.859742969e-02 9.928055108e-02 9.978122264e-02
 5.120076239e-03 1.159822848e-02 2.046438865e-02 2.608121559e-02 2.518220246e-02
 2.315735258e-02 2.080222219e-02 1.811100543e-02 1.509340480e-02 1.176442578e-02
 8.144941181e-03 4.262126051e-03 1.497273915e-04-4.151904956e-03-8.596070111e-03
-1.313028019e-02-1.769712940e-02-2.223546244e-02-2.668177523e-02-3.097177483e-02
-3.504200280e-02-3.883140907e-02-4.228276014e-02-4.534379020e-02-4.796801880e-02
-5.011516437e-02-5.175116286e-02-5.284778774e-02-5.338194594e-02-5.333470553e-02
-5.269015953e-02-5.143429711e-02-4.955394566e-02-4.703599960e-02-4.386709630e-02
-4.003394768e-02-3.552454337e-02-3.033050336e-02-2.445083857e-02-1.789741218e-02
-1.070225984e-02-2.926745452e-03 5.327648483e-03 1.390810218e-02 2.260034531e-02
 3.116618469e-02 3.955249488e-02 4.769501835e-02 5.551334098e-02 6.291141361e-02
 6.978284568e-02 7.602527738e-02 8.155307174e-02 8.631244302e-02 9.029285610e-02
 9.352826327e-02 9.608785063e-02 9.806353599e-02 9.955561906e-02 1.006579027e-01
 1.014507487e-01 1.019990668e-01 1.023534015e-01 1.025523394e-01 1.026251465e-01
 5.146760959e-03 1.165897399e-02 2.057601884e-02 2.625639178e-02 2.543314360e-02
 2.350324951e-02 2.126050740e-02 1.869854331e-02 1.582568139e-02 1.265645213e-02
 9.211005643e-03 5.515513942e-03 1.602421282e-03-2.489516279e-03-6.715457886e-03
-1.102498733e-02-1.536291279e-02-1.967033744e-02-2.388595417e-02-2.794748731e-02
-3.179319575e-02-3.536334261e-02-3.860150278e-02-4.145566747e-02-4.387898743e-02
-4.583021253e-02-4.727371782e-02-4.817917943e-02-4.852094874e-02-4.827718437e-02
-4.742887989e-02-4.595885053e-02-4.385088384e-02-4.108921811e-02-3.765847161e-02
-3.354432806e-02-2.873518877e-02-2.322500572e-02-1.701770350e-02-1.013331115e-02
-2.615968231e-03 5.456066690e-03 1.395949535e-02 2.271412127e-02 3.151609376e-02
 4.033408687e-02 4.912419990e-02 5.781670287e-02 6.630342454e-02 7.442592084e-02
 8.197732270e-02 8.872069418e-02 9.445121884e-02 9.904523194e-02 1.024828255e-01
 1.048526019e-01 1.063359231e-01 1.071537435e-01 1.075075418e-01 1.075548753e-01
 1.074049771e-01 1.071285382e-01 1.067696661e-01 1.063553616e-01 1.059019119e-01
 5.177928600e-03 1.172992215e-02 2.069889568e-02 2.645245194e-02 2.572616003e-02
 2.390739322e-02 2.179591730e-02 1.938658394e-02 1.668456011e-02 1.370396558e-02
 1.046421286e-02 6.990391761e-03 3.313512309e-03-5.294487346e-04-4.495742731e-03
-8.537300862e-03-1.260145754e-02-1.663190871e-02-2.056989260e-02-2.435549535e-02
-2.792902850e-02-3.123236820e-02-3.421017155e-02-3.681088984e-02-3.898749128e-02
-4.069788754e-02-4.190498590e-02-4.257646203e-02-4.268423840e-02-4.220378026e-02
-4.111327603e-02-3.939290345e-02-3.702422604e-02-3.398998082e-02-3.027442843e-02
-2.586447075e-02-2.075180784e-02-1.493638847e-02-8.431376889e-03-1.269776141e-03
 6.487008650e-03 1.473991387e-02 2.334066667e-02 3.214114159e-02 4.114863649e-02
 5.037304386e-02 5.981766060e-02 6.946642697e-02 7.925307751e-02 8.898897469e-02
 9.822674096e-02 1.063286886e-01 1.127412841e-01 1.171571165e-01 1.195372865e-01
 1.201265678e-01 1.194484904e-01 1.181481555e-01 1.166719794e-01 1.152101979e-01
 1.138318926e-01 1.125550568e-01 1.113764346e-01 1.102846861e-01 1.092663556e-01
 5.212603137e-03 1.180885360e-02 2.084628306e-02 2.668258548e-02 2.605207451e-02
 2.435769327e-02 2.239321545e-02 2.015511692e-02 1.764512062e-02 1.487691328e-02
 1.186913624e-02 8.645745926e-03 5.236240104e-03 1.675707870e-03-1.995335100e-03
-5.731345620e-03-9.482390247e-03-1.319500059e-02-1.681322232e-02-2.027978562e-02
-2.353734709e-02-2.652969584e-02-2.920287102e-02-3.150608763e-02-3.339243680e-02
-3.481930494e-02-3.574850410e-02-3.614612296e-02-3.598219156e-02-3.523016348e-02
-3.386637568e-02-3.186961263e-02-2.922089770e-02-2.590372227e-02-2.190490440e-02
-1.721630059e-02-1.183758304e-02-5.780292209e-03 9.265945992e-04 8.229617961e-03
 1.604347676e-02 2.424046583e-02 3.272439539e-02 4.152554646e-02 5.069142208e-02
 6.028906256e-02 7.041288167e-02 8.119451255e-02 9.281945974e-02 1.055650711e-01
 1.196245700e-01 1.316284239e-01 1.396843642e-01 1.439290494e-01 1.442359686e-01
 1.401572376e-01 1.341722459e-01 1.293387264e-01 1.254826635e-01 1.223319992e-01
 1.197042391e-01 1.174703687e-01 1.155370176e-01 1.138354614e-01 1.123144105e-01
 5.249714945e-03 1.189334411e-02 2.099005133e-02 2.691330016e-02 2.640147135e-02
 2.484044433e-02 2.303407155e-02 2.098057233e-02 1.867836528e-02 1.614053547e-02
 1.338488143e-02 1.043420844e-02 7.316488307e-03 4.064899404e-03 7.176748477e-04
-2.682244871e-03-6.087768357e-03-9.448406287e-03-1.271119155e-02-1.582171768e-02
-1.872523874e-02-2.136775292e-02-2.369700931e-02-2.566337772e-02-2.722050622e-02
-2.832577750e-02-2.894051000e-02-2.902997099e-02-2.856322192e-02-2.751289308e-02
-2.585498430e-02-2.356883883e-02-2.063743956e-02-1.704820432e-02-1.279450022e-02
-7.878012024e-03-2.312235301e-03 3.872673493e-03 1.062405482e-02 1.785980724e-02
 2.545950934e-02 3.336950019e-02 4.161511734e-02 5.023927614e-02 5.930713192e-02
 6.891728193e-02 7.921826839e-02 9.043610841e-02 1.029190645e-01 1.172031015e-01
 1.336767226e-01 1.476958692e-01 1.564491838e-01 1.601963192e-01 1.588591188e-01
 1.519623101e-01 1.430950612e-01 1.363493651e-01 1.312050670e-01 1.271320730e-01
 1.238053292e-01 1.210165247e-01 1.186264679e-01 1.165388077e-01 1.146848798e-01
 5.288105924e-03 1.198076271e-02 2.115583234e-02 2.717104368e-02 2.676231973e-02
 2.533973381e-02 2.369726449e-02 2.183454111e-02 1.975121349e-02 1.745588146e-02
 1.496585645e-02 1.230298541e-02 9.493838996e-03 6.569758523e-03 3.566740081e-03
 5.251357215e-04-2.510826802e-03-5.493697710e-03-8.373605087e-03-1.109916531e-02
-1.361845061e-02-1.587995887e-02-1.783351973e-02-1.943111233e-02-2.062750980e-02
-2.138077654e-02-2.165258676e-02-2.140841447e-02-2.061763592e-02-1.925364137e-02
-1.729405858e-02-1.472123154e-02-1.152312011e-02-7.694745436e-03-3.240405815e-03
 1.823147410e-03 7.462638430e-03 1.362385415e-02 2.022512257e-02 2.714227885e-02
 3.436308727e-02 4.189270735e-02 4.974681139e-02 5.795341730e-02 6.655800343e-02
 7.562996447e-02 8.527257293e-02 9.563847631e-02 1.069575697e-01 1.196035221e-01
 1.339642107e-01 1.460618824e-01 1.534602344e-01 1.562524438e-01 1.535934955e-01
 1.477186829e-01 1.419994980e-01 1.367893219e-01 1.324167550e-01 1.287151128e-01
 1.255387217e-01 1.227741465e-01 1.203350425e-01 1.181558892e-01 1.161867157e-01
 5.326536018e-03 1.206830423e-02 2.130176686e-02 2.740723640e-02 2.712494321e-02
 2.584080584e-02 2.436269447e-02 2.269193344e-02 2.083041519e-02 1.878201030e-02
 1.656334847e-02 1.419528760e-02 1.170304604e-02 9.116210043e-03 6.468619686e-03
 3.798105521e-03 1.146069495e-03-1.443080138e-03-3.922623582e-03-6.244321354e-03
-8.359267376e-03-1.021875255e-02-1.177509502e-02-1.298240758e-02-1.379725803e-02
-1.417922787e-02-1.409137063e-02-1.350061037e-02-1.237814780e-02-1.069995016e-02
-8.447452448e-03-5.608588923e-03-2.179323928e-03 1.834129798e-03 6.412321702e-03
 1.151898596e-02 1.709602028e-02 2.305830084e-02 2.932300419e-02 3.587825596e-02
 4.271251336e-02 4.981607199e-02 5.718190223e-02 6.480674446e-02 7.269130647e-02
 8.083947003e-02 8.925444633e-02 9.792775661e-02 1.068104580e-01 1.157353595e-01
 1.242335513e-01 1.314436495e-01 1.365879476e-01 1.393105239e-01 1.396861225e-01
 1.383304298e-01 1.360258013e-01 1.333247721e-01 1.305661798e-01 1.278967410e-01
 1.253742129e-01 1.230150685e-01 1.208166257e-01 1.187680140e-01 1.168555468e-01
 5.363667849e-03 1.215294283e-02 2.146590315e-02 2.766108885e-02 2.747650258e-02
 2.632663026e-02 2.500802651e-02 2.352380194e-02 2.187788673e-02 2.007462457e-02
 1.812570915e-02 1.605132222e-02 1.387554221e-02 1.162637118e-02 9.335630573e-03
 7.038737182e-03 4.774339963e-03 2.583833179e-03 5.107519682e-04-1.399919856e-03
-3.102500923e-03-4.551390652e-03-5.701839924e-03-6.510687992e-03-6.937052589e-03
-6.942971610e-03-6.494016852e-03-5.559927784e-03-4.115324933e-03-2.140590455e-03
 3.769558680e-04 3.441444132e-03 7.046339102e-03 1.117190532e-02 1.578170620e-02
 2.081907354e-02 2.619072422e-02 3.188144416e-02 3.786726668e-02 4.412451759e-02
 5.062682554e-02 5.734495446e-02 6.424624473e-02 7.129371166e-02 7.844461501e-02
 8.564779907e-02 9.283833206e-02 9.992819279e-02 1.067911610e-01 1.132449582e-01
 1.190445498e-01 1.239240095e-01 1.276544631e-01 1.301160455e-01 1.313441992e-01
 1.315030903e-01 1.308344156e-01 1.295958310e-01 1.279999614e-01 1.262046099e-01
 1.243171021e-01 1.224068329e-01 1.205168292e-01 1.186726689e-01 1.168885231e-01
 5.398056936e-03 1.223139651e-02 2.159228921e-02 2.786947414e-02 2.780348435e-02
 2.677943185e-02 2.561045997e-02 2.430170029e-02 2.285919152e-02 2.128965594e-02
 1.960063912e-02 1.781025156e-02 1.594150625e-02 1.402093004e-02 1.207843889e-02
 1.014712919e-02 8.262963966e-03 6.464341655e-03 4.791567102e-03 3.286241321e-03
 1.990589546e-03 9.467506898e-04 1.960495283e-04-2.217320143e-04-2.690846159e-04
 8.849119331e-05 8.817116031e-04 2.136651892e-03 3.873734502e-03 6.106440909e-03
 8.839714341e-03 1.206807140e-02 1.577289961e-02 1.991976239e-02 2.444685623e-02
 2.932889201e-02 3.454703465e-02 4.008065164e-02 4.590403661e-02 5.198556185e-02
 5.828692019e-02 6.476175040e-02 7.135440409e-02 7.799895853e-02 8.461840451e-02
 9.112456441e-02 9.741987288e-02 1.033999249e-01 1.089547276e-01 1.139692590e-01
 1.183296666e-01 1.219336540e-01 1.247111186e-01 1.266403645e-01 1.277525276e-01
 1.281299144e-01 1.278885752e-01 1.271560192e-01 1.260569990e-01 1.247006431e-01
 1.231757477e-01 1.215508655e-01 1.198767945e-01 1.181899384e-01 1.165156215e-01
 5.428142380e-03 1.230016816e-02 2.173154242e-02 2.808235958e-02 2.809287235e-02
 2.718106657e-02 2.614661492e-02 2.499637939e-02 2.373838611e-02 2.238144726e-02
 2.093519084e-02 1.941120997e-02 1.783162542e-02 1.622156426e-02 1.460912265e-02
 1.302514598e-02 1.150294486e-02 1.007790398e-02 8.787011728e-03 7.668315433e-03
 6.760304794e-03 6.101253442e-03 5.728516262e-03 5.677794572e-03 5.982364994e-03
 6.672243588e-03 7.773258723e-03 9.305972606e-03 1.128442306e-02 1.371472608e-02
 1.659300923e-02 1.990356296e-02 2.360986546e-02 2.769703791e-02 3.215824813e-02
 3.698252887e-02 4.215567186e-02 4.765840992e-02 5.346498638e-02 5.954116955e-02
 6.584171951e-02 7.230784744e-02 7.886487991e-02 8.542083949e-02 9.186655283e-02
 9.807326645e-02 1.038840637e-01 1.091738790e-01 1.138686985e-01 1.178980321e-01
 1.212119609e-01 1.237923503e-01 1.256524473e-01 1.268317550e-01 1.273923814e-01
 1.274113208e-01 1.269737929e-01 1.261671185e-01 1.250738949e-01 1.237683967e-01
 1.223141029e-01 1.207631826e-01 1.191570163e-01 1.175274253e-01 1.158981845e-01
 5.452134646e-03 1.235527266e-02 2.181469835e-02 2.822617069e-02 2.832997777e-02
 2.751238085e-02 2.659222484e-02 2.557828277e-02 2.448044717e-02 2.330942266e-02
 2.207674459e-02 2.079483308e-02 1.947912388e-02 1.815355569e-02 1.684445888e-02
 1.558046322e-02 1.439220645e-02 1.331198495e-02 1.237332914e-02 1.161049679e-02
 1.105790865e-02 1.074951608e-02 1.071811840e-02 1.099461503e-02 1.160717849e-02
 1.258033793e-02 1.393395197e-02 1.568196341e-02 1.783096977e-02 2.037905529e-02
 2.330820262e-02 2.661943994e-02 3.031605855e-02 3.439891338e-02 3.886784613e-02
 4.372025281e-02 4.895019531e-02 5.454711989e-02 6.049373373e-02 6.676288694e-02
 7.331333309e-02 8.008408546e-02 8.698771894e-02 9.390430897e-02 1.006791368e-01
 1.071283519e-01 1.129416302e-01 1.179156676e-01 1.220356524e-01 1.252320409e-01
 1.275108159e-01 1.289446354e-01 1.296465099e-01 1.297465861e-01 1.293666065e-01
 1.286113560e-01 1.275673658e-01 1.263051480e-01 1.248824373e-01 1.233466268e-01
 1.217364743e-01 1.200833991e-01 1.184124723e-01 1.167433187e-01 1.150909439e-01
 5.467782263e-03 1.239171624e-02 2.189901844e-02 2.835297585e-02 2.849673852e-02
 2.775080875e-02 2.692027204e-02 2.601583116e-02 2.504929341e-02 2.403310873e-02
 2.298040129e-02 2.190505713e-02 2.082186565e-02 1.974835061e-02 1.870913804e-02
 1.773056202e-02 1.684049331e-02 1.606799103e-02 1.544291340e-02 1.499543712e-02
 1.475552935e-02 1.475232933e-02 1.501346938e-02 1.556432061e-02 1.642718725e-02
 1.762030460e-02 1.915695705e-02 2.104336768e-02 2.327329852e-02 2.586127445e-02
 2.881626971e-02 3.214730695e-02 3.586395457e-02 3.997600079e-02 4.449322447e-02
 4.942493886e-02 5.477934331e-02 6.056270748e-02 6.677772105e-02 7.342126220e-02
 8.047916740e-02 8.791704476e-02 9.566447139e-02 1.035903469e-01 1.114719138e-01
 1.189827695e-01 1.255721450e-01 1.308199912e-01 1.346013546e-01 1.368318945e-01
 1.376316845e-01 1.372964531e-01 1.361981183e-01 1.346453875e-01 1.328496784e-01
 1.309365332e-01 1.289758086e-01 1.270058006e-01 1.250479519e-01 1.231150702e-01
 1.212155893e-01 1.193555519e-01 1.175395474e-01 1.157711074e-01 1.140528545e-01
 5.472032353e-03 1.240279339e-02 2.190788463e-02 2.838113718e-02 2.857080288e-02
 2.786897495e-02 2.709857374e-02 2.627280727e-02 2.540534176e-02 2.451012470e-02
 2.360144071e-02 2.269405127e-02 2.180333249e-02 2.094548009e-02 2.013845742e-02
 1.940625720e-02 1.877380162e-02 1.826669648e-02 1.791085303e-02 1.773203909e-02
 1.775535941e-02 1.800466888e-02 1.850186102e-02 1.926615089e-02 2.031333745e-02
 2.165312693e-02 2.329449542e-02 2.525223419e-02 2.753792144e-02 3.016428649e-02
 3.314426169e-02 3.649156541e-02 4.022185132e-02 4.435409606e-02 4.891178384e-02
 5.391955748e-02 5.940293893e-02 6.538792700e-02 7.190579921e-02 7.899595797e-02
 8.670534194e-02 9.508477896e-02 1.041793004e-01 1.140002832e-01 1.244374514e-01
 1.349346936e-01 1.441011280e-01 1.507374942e-01 1.543941051e-01 1.549605131e-01
 1.526868045e-01 1.486714780e-01 1.443381757e-01 1.402731985e-01 1.365869045e-01
 1.332620531e-01 1.302495599e-01 1.274977028e-01 1.249612495e-01 1.226033345e-01
 1.203950197e-01 1.183139980e-01 1.163432151e-01 1.144696102e-01 1.126831174e-01
 5.460368469e-03 1.237862650e-02 2.188446745e-02 2.834813856e-02 2.852029167e-02
 2.782835066e-02 2.708441950e-02 2.630381845e-02 2.550184540e-02 2.469336428e-02
 2.389322408e-02 2.311640419e-02 2.237813175e-02 2.169406414e-02 2.108050324e-02
 2.055456303e-02 2.013797499e-02 1.985262334e-02 1.972018182e-02 1.976167783e-02
 1.999701373e-02 2.044448815e-02 2.111956291e-02 2.203365229e-02 2.320301905e-02
 2.464161813e-02 2.636246942e-02 2.837885730e-02 3.070400283e-02 3.335141391e-02
 3.633520380e-02 3.967034817e-02 4.337209836e-02 4.748663306e-02 5.204258859e-02
 5.705382675e-02 6.255922467e-02 6.864485145e-02 7.533586770e-02 8.271168172e-02
 9.088978916e-02 1.000319049e-01 1.103696749e-01 1.222505718e-01 1.362351775e-01
 1.531971842e-01 1.674570888e-01 1.762036234e-01 1.797874868e-01 1.780546904e-01
 1.702548862e-01 1.589425802e-01 1.504487991e-01 1.438373625e-01 1.384886354e-01
 1.340299845e-01 1.302218288e-01 1.269025058e-01 1.239589676e-01 1.213101521e-01
 1.188968346e-01 1.166750789e-01 1.146119162e-01 1.126823351e-01 1.108671278e-01
 5.425784737e-03 1.230381615e-02 2.174818888e-02 2.815623395e-02 2.829225175e-02
 2.756784111e-02 2.681482397e-02 2.604819462e-02 2.528080344e-02 2.452776395e-02
 2.380435169e-02 2.312534489e-02 2.250511758e-02 2.195791900e-02 2.149818279e-02
 2.114076540e-02 2.090127766e-02 2.079709247e-02 2.084541880e-02 2.106216177e-02
 2.146104351e-02 2.205703594e-02 2.286399342e-02 2.389485575e-02 2.516260557e-02
 2.667992748e-02 2.845932171e-02 3.051334433e-02 3.285484388e-02 3.549723700e-02
 3.845471889e-02 4.174247757e-02 4.537657276e-02 4.941087216e-02 5.386799946e-02
 5.876373127e-02 6.413937360e-02 7.008834183e-02 7.664451003e-02 8.389122039e-02
 9.195967764e-02 1.010336801e-01 1.113813594e-01 1.234087795e-01 1.377480775e-01
 1.552643776e-01 1.696598381e-01 1.780764163e-01 1.808153838e-01 1.777138710e-01
 1.689527035e-01 1.574419290e-01 1.488021165e-01 1.420019567e-01 1.364759356e-01
 1.318701059e-01 1.279481202e-01 1.245464385e-01 1.215486154e-01 1.188698485e-01
 1.164471880e-01 1.142332181e-01 1.121917590e-01 1.102948934e-01 1.085208654e-01
 5.356809124e-03 1.215500943e-02 2.150956355e-02 2.780130506e-02 2.776735835e-02
 2.695692889e-02 2.621112019e-02 2.543423139e-02 2.467252873e-02 2.394766361e-02
 2.327568457e-02 2.267010137e-02 2.214314602e-02 2.170651779e-02 2.137184888e-02
 2.115097642e-02 2.105605602e-02 2.109959163e-02 2.129409648e-02 2.165176533e-02
 2.218433283e-02 2.290336043e-02 2.382008545e-02 2.494547702e-02 2.629034407e-02
 2.786544710e-02 2.968163602e-02 3.175000474e-02 3.408210725e-02 3.669018298e-02
 3.958754241e-02 4.278907552e-02 4.631239548e-02 5.018082634e-02 5.442475155e-02
 5.907393992e-02 6.416191906e-02 6.972368062e-02 7.580105960e-02 8.245222270e-02
 8.975230902e-02 9.779487550e-02 1.066930890e-01 1.165753528e-01 1.275566965e-01
 1.394517273e-01 1.500621289e-01 1.565839648e-01 1.586168557e-01 1.557898372e-01
 1.502998471e-01 1.447194815e-01 1.394279450e-01 1.346397698e-01 1.303869486e-01
 1.266244501e-01 1.232858449e-01 1.203052178e-01 1.176243201e-01 1.151940674e-01
 1.129740030e-01 1.109311134e-01 1.090385690e-01 1.072745696e-01 1.056213900e-01
 5.228564609e-03 1.188328117e-02 2.106106654e-02 2.718869410e-02 2.706126124e-02
 2.612360567e-02 2.522056736e-02 2.436911687e-02 2.358182706e-02 2.286768146e-02
 2.223582938e-02 2.169423737e-02 2.125050686e-02 2.091243118e-02 2.068824321e-02
 2.058663592e-02 2.061665431e-02 2.078752592e-02 2.110847831e-02 2.158858255e-02
 2.223668620e-02 2.306142449e-02 2.407125756e-02 2.527453005e-02 2.667957172e-02
 2.829478681e-02 3.012875468e-02 3.219034523e-02 3.448885307e-02 3.703417256e-02
 3.983700648e-02 4.290914163e-02 4.626378417e-02 4.991567880e-02 5.388112739e-02
 5.817718431e-02 6.282112747e-02 6.782992929e-02 7.322014123e-02 7.900618017e-02
 8.519612998e-02 9.178288281e-02 9.872692823e-02 1.059238091e-01 1.131477654e-01
 1.199804395e-01 1.258170158e-01 1.300449222e-01 1.323329061e-01 1.327247173e-01
 1.316468120e-01 1.296599954e-01 1.271936744e-01 1.245449930e-01 1.218900830e-01
 1.193238422e-01 1.168909892e-01 1.146072075e-01 1.124724299e-01 1.104786843e-01
 1.086145788e-01 1.068677008e-01 1.052259654e-01 1.036781669e-01 1.022142693e-01
 4.980900791e-03 1.136360504e-02 2.023901977e-02 2.607122250e-02 2.569188923e-02
 2.458006702e-02 2.356174402e-02 2.265315689e-02 2.185945399e-02 2.117769234e-02
 2.060572989e-02 2.014315501e-02 1.979192905e-02 1.955615543e-02 1.944155060e-02
 1.945479400e-02 1.960298233e-02 1.989319175e-02 2.033218369e-02 2.092630416e-02
 2.168148942e-02 2.260337397e-02 2.369742282e-02 2.496907488e-02 2.642385662e-02
 2.806746028e-02 2.990581840e-02 3.194512054e-02 3.419185057e-02 3.665277734e-02
 3.933494166e-02 4.224561900e-02 4.539217427e-02 4.878183827e-02 5.242120847e-02
 5.631561950e-02 6.046820059e-02 6.487857550e-02 6.954078376e-02 7.444022596e-02
 7.954894751e-02 8.481867611e-02 9.017132223e-02 9.548810869e-02 1.006011143e-01
 1.052971929e-01 1.093443856e-01 1.125449613e-01 1.147795469e-01 1.160446852e-01
 1.164376959e-01 1.161240861e-01 1.152949110e-01 1.141176224e-01 1.127259657e-01
 1.112182811e-01 1.096626446e-01 1.081038564e-01 1.065699011e-01 1.050771996e-01
 1.036344767e-01 1.022454649e-01 1.009108052e-01 9.962929040e-02 9.839864820e-02
 4.482932389e-03 1.031658053e-02 1.857651211e-02 2.388845757e-02 2.319288068e-02
 2.195381001e-02 2.091422118e-02 2.005483583e-02 1.935668848e-02 1.878916845e-02
 1.833647862e-02 1.799264550e-02 1.775828749e-02 1.763824001e-02 1.763961464e-02
 1.777030155e-02 1.803776249e-02 1.844827831e-02 1.900673844e-02 1.971670240e-02
 2.058079466e-02 2.160112001e-02 2.277967334e-02 2.411861531e-02 2.562043630e-02
 2.728802338e-02 2.912462875e-02 3.113380261e-02 3.331926465e-02 3.568477929e-02
 3.823393956e-02 4.096997157e-02 4.389539734e-02 4.701162875e-02 5.031843111e-02
 5.381316692e-02 5.748982728e-02 6.133773178e-02 6.533988565e-02 6.947081536e-02
 7.369401306e-02 7.795901597e-02 8.219886571e-02 8.632894605e-02 9.024886042e-02
 9.384904802e-02 9.702272713e-02 9.968055040e-02 1.017676741e-01 1.032707691e-01
 1.042194441e-01 1.046752036e-01 1.047158167e-01 1.044252664e-01 1.038824394e-01
 1.031556576e-01 1.023007184e-01 1.013612300e-01 1.003701612e-01 9.935171157e-02
 9.832326323e-02 9.729695320e-02 9.628107399e-02 9.528110176e-02 9.430050105e-02
 3.505772213e-03 8.127923124e-03 1.497073192e-02 1.932808198e-02 1.850822382e-02
 1.758703589e-02 1.695873402e-02 1.647117548e-02 1.607101038e-02 1.574159041e-02
 1.548000798e-02 1.529232971e-02 1.519040111e-02 1.518937200e-02 1.530537009e-02
 1.555288583e-02 1.594287343e-02 1.648184657e-02 1.717188396e-02 1.801200025e-02
 1.899952441e-02 2.013143897e-02 2.140525542e-02 2.281943150e-02 2.437344939e-02
 2.606769651e-02 2.790325321e-02 2.988162637e-02 3.200447187e-02 3.427333757e-02
 3.668933734e-02 3.925287351e-02 4.196324199e-02 4.481824860e-02 4.781365767e-02
 5.094261840e-02 5.419491604e-02 5.755612254e-02 6.100662425e-02 6.452058256e-02
 6.806496531e-02 7.159883529e-02 7.507326454e-02 7.843220979e-02 8.161487430e-02
 8.455969393e-02 8.720972389e-02 8.951883763e-02 9.145627916e-02 9.301020950e-02
 9.418734908e-02 9.501088411e-02 9.551644325e-02 9.574604779e-02 9.574379027e-02
 9.555216134e-02 9.520978481e-02 9.475018829e-02 9.420154244e-02 9.358689934e-02
 9.292471409e-02 9.222955257e-02 9.151273221e-02 9.078296274e-02 9.004687518e-02
 2.131807152e-03 4.651051480e-03 7.631300949e-03 1.008026581e-02 1.139634755e-02
 1.199532766e-02 1.226444449e-02 1.236184034e-02 1.236122381e-02 1.230935566e-02
 1.224006712e-02 1.218496263e-02 1.217769273e-02 1.225474197e-02 1.245215908e-02
 1.280022226e-02 1.331714354e-02 1.400654670e-02 1.486114878e-02 1.586771756e-02
 1.701265760e-02 1.828471757e-02 1.967591420e-02 2.118133381e-02 2.279846929e-02
 2.452650107e-02 2.636565641e-02 2.831667289e-02 3.038037941e-02 3.255731240e-02
 3.484740108e-02 3.724963218e-02 3.976174444e-02 4.237987474e-02 4.509818181e-02
 4.790843278e-02 5.079956353e-02 5.375720933e-02 5.676326528e-02 5.979553983e-02
 6.282751262e-02 6.582845002e-02 6.876385212e-02 7.159648091e-02 7.428796589e-02
 7.680097222e-02 7.910171896e-02 8.116246015e-02 8.296376467e-02 8.449572325e-02
 8.575832844e-02 8.676058054e-02 8.751869947e-02 8.805424720e-02 8.839183301e-02
 8.855710924e-02 8.857525885e-02 8.846987039e-02 8.826227486e-02 8.797123283e-02
 8.761291951e-02 8.720102906e-02 8.674700558e-02 8.626031876e-02 8.574872464e-02
 1.139505534e-03 2.421113662e-03 3.917345311e-03 5.384067539e-03 6.638521794e-03
 7.594407070e-03 8.228910156e-03 8.612927981e-03 8.826972917e-03 8.915367536e-03
 8.914082311e-03 8.862537332e-03 8.811209351e-03 8.829416707e-03 9.004215710e-03
 9.410616942e-03 1.008105930e-02 1.099715568e-02 1.210699603e-02 1.336215530e-02
 1.472856849e-02 1.618581824e-02 1.772373915e-02 1.933821663e-02 2.102850750e-02
 2.279561013e-02 2.464124933e-02 2.656726353e-02 2.857515402e-02 3.066578321e-02
 3.283911571e-02 3.509398550e-02 3.742787987e-02 3.983671218e-02 4.231459647e-02
 4.485363141e-02 4.744365439e-02 5.007208139e-02 5.272374302e-02 5.538084731e-02
 5.802307278e-02 6.062782183e-02 6.317073852e-02 6.562644243e-02 6.796953827e-02
 7.017581910e-02 7.222353667e-02 7.409463823e-02 7.577576488e-02 7.725892216e-02
 7.854161412e-02 7.962667197e-02 8.052156121e-02 8.123748004e-02 8.178823441e-02
 8.218926936e-02 8.245667070e-02 8.260642737e-02 8.265385777e-02 8.261318505e-02
 8.249736577e-02 8.231795579e-02 8.208512515e-02 8.180771768e-02 8.149334788e-02
 6.231482257e-04 1.333218417e-03 2.196005313e-03 3.106465796e-03 3.972976469e-03
 4.723313265e-03 5.286916625e-03 5.660350434e-03 5.865391344e-03 5.910254084e-03
 5.799273495e-03 5.538713187e-03 5.152045283e-03 4.713390488e-03 4.524199292e-03
 4.896136001e-03 5.912455730e-03 7.400026545e-03 9.025108069e-03 1.068333816e-02
 1.235236041e-02 1.403295249e-02 1.573206112e-02 1.745738648e-02 1.921640709e-02
 2.101583779e-02 2.286135219e-02 2.475747839e-02 2.670755796e-02 2.871369384e-02
 3.077670187e-02 3.289603814e-02 3.506971896e-02 3.729424626e-02 3.956450522e-02
 4.187369719e-02 4.421326518e-02 4.657286033e-02 4.894035310e-02 5.130193010e-02
 5.364223942e-02 5.594468862e-02 5.819182098e-02 6.036585569e-02 6.244928017e-02
 6.442555785e-02 6.627980620e-02 6.799945980e-02 6.957480311e-02 7.099931687e-02
 7.226985693e-02 7.338653505e-02 7.435247302e-02 7.517340034e-02 7.585709542e-02
 7.641284168e-02 7.685089111e-02 7.718192786e-02 7.741669565e-02 7.756561786e-02
 7.763861865e-02 7.764489949e-02 7.759291679e-02 7.749029249e-02 7.734386623e-02
 3.571585694e-04 7.705304888e-04 1.283979742e-03 1.843071659e-03 2.393265953e-03
 2.886213362e-03 3.275340423e-03 3.530423855e-03 3.628171282e-03 3.543537576e-03
 3.247026354e-03 2.693369752e-03 1.807068707e-03 4.295947147e-04-4.527032434e-04
-1.824787760e-04 1.360220485e-03 3.949215170e-03 6.234561559e-03 8.307865821e-03
 1.025010552e-02 1.211246382e-02 1.393044740e-02 1.572724618e-02 1.752093434e-02
 1.932470314e-02 2.114808746e-02 2.299813554e-02 2.487992682e-02 2.679683268e-02
 2.875062265e-02 3.074152581e-02 3.276829794e-02 3.482822701e-02 3.691718355e-02
 3.902962804e-02 4.115863144e-02 4.329594597e-02 4.543207213e-02 4.755637795e-02
 4.965727776e-02 5.172246695e-02 5.373921245e-02 5.569469556e-02 5.757641420e-02
 5.937258154e-02 6.107253954e-02 6.266712397e-02 6.414896995e-02 6.551270932e-02
 6.675510108e-02 6.787502021e-02 6.887336075e-02 6.975284219e-02 7.051777840e-02
 7.117376477e-02 7.172734290e-02 7.218566537e-02 7.255621254e-02 7.284653932e-02
 7.306405902e-02 7.321589440e-02 7.330878079e-02 7.334902138e-02 7.334240526e-02
 2.135054820e-04 4.632261989e-04 7.779470179e-04 1.126769581e-03 1.474796562e-03
 1.778866048e-03 2.013905672e-03 2.147595398e-03 2.147834981e-03 1.979207387e-03
 1.598116127e-03 9.465913754e-04-5.422847971e-05-1.531977323e-03-2.429784276e-03
-2.069121459e-03-3.887456551e-04 2.322837943e-03 4.695936572e-03 6.829565391e-03
 8.810698986e-03 1.069420110e-02 1.251647435e-02 1.430234592e-02 1.606939174e-02
 1.783076674e-02 1.959644072e-02 2.137402818e-02 2.316926047e-02 2.498601563e-02
 2.682647109e-02 2.869122848e-02 3.057945333e-02 3.248898685e-02 3.441645578e-02
 3.635733947e-02 3.830605373e-02 4.025603458e-02 4.219982028e-02 4.412919283e-02
 4.603532329e-02 4.790893942e-02 4.974055290e-02 5.152069032e-02 5.324014649e-02
 5.489023775e-02 5.646305904e-02 5.795168132e-02 5.935034901e-02 6.065457314e-02
 6.186122447e-02 6.296851486e-02 6.397602707e-02 6.488470733e-02 6.569681317e-02
 6.641572714e-02 6.704576313e-02 6.759186834e-02 6.805931777e-02 6.845357269e-02
 6.878012419e-02 6.904436648e-02 6.925153732e-02 6.940666586e-02 6.951449066e-02
 1.338981820e-04 2.918038226e-04 4.930422292e-04 7.193732308e-04 9.475519764e-04
 1.142653171e-03 1.288696891e-03 1.363205374e-03 1.341385767e-03 1.194815151e-03
 8.896784275e-04 3.825164167e-04-3.874218673e-04-1.533302246e-03-1.932590851e-03
-8.024541312e-04 8.147071931e-04 2.677330980e-03 4.533810075e-03 6.349901203e-03
 8.120131679e-03 9.853337891e-03 1.155956555e-02 1.324705593e-02 1.492215879e-02
 1.659056358e-02 1.825865917e-02 1.993313804e-02 2.161975019e-02 2.332239039e-02
 2.504275925e-02 2.678092755e-02 2.853575908e-02 3.030509502e-02 3.208587319e-02
 3.387419507e-02 3.566540033e-02 3.745412454e-02 3.923441097e-02 4.099977762e-02
 4.274335131e-02 4.445800930e-02 4.613650963e-02 4.777167365e-02 4.935653880e-02
 5.088454485e-02 5.234967545e-02 5.374660715e-02 5.507079884e-02 5.631852895e-02
 5.748681352e-02 5.857328326e-02 5.957632512e-02 6.049536541e-02 6.133127585e-02
 6.208646670e-02 6.276434660e-02 6.336877495e-02 6.390368193e-02 6.437297165e-02
 6.478059292e-02 6.513051689e-02 6.542671472e-02 6.567306817e-02 6.587335467e-02
 8.992105722e-05 1.969866571e-04 3.354148357e-04 4.946696572e-04 6.618240732e-04
 8.113340009e-04 9.243558743e-04 1.001010183e-03 1.026549260e-03 9.881884325e-04
 8.764810045e-04 6.879391731e-04 4.323605972e-04 1.387423690e-04 2.784665558e-04
 1.155199949e-03 2.340673935e-03 3.641244723e-03 5.002846941e-03 6.439435296e-03
 7.922623307e-03 9.437441826e-03 1.097895578e-02 1.253035106e-02 1.407924015e-02
 1.561663300e-02 1.714725047e-02 1.868109778e-02 2.023789287e-02 2.181543224e-02
 2.341124788e-02 2.502335608e-02 2.664955147e-02 2.828719467e-02 2.993316017e-02
 3.158382326e-02 3.323508054e-02 3.488239646e-02 3.652083129e-02 3.814513981e-02
 3.974983469e-02 4.132928699e-02 4.287782684e-02 4.438987374e-02 4.586002976e-02
 4.728322104e-02 4.865479469e-02 4.997063801e-02 5.122727901e-02 5.242204294e-02
 5.355337635e-02 5.461923033e-02 5.561266094e-02 5.653066933e-02 5.737175047e-02
 5.813970789e-02 5.884151906e-02 5.948196352e-02 6.006234884e-02 6.058482081e-02
 6.105193868e-02 6.146646291e-02 6.183128431e-02 6.214933097e-02 6.242353842e-02
 6.652063166e-05 1.467029797e-04 2.521368442e-04 3.761583939e-04 5.106460303e-04
 6.453364622e-04 7.721697330e-04 8.871540194e-04 9.873828385e-04 1.073770458e-03
 1.153868274e-03 1.246438827e-03 1.387578319e-03 1.629872131e-03 2.037735190e-03
 2.654887503e-03 3.464802634e-03 4.419266712e-03 5.488640629e-03 6.655827630e-03
 7.900171913e-03 9.205568582e-03 1.055955980e-02 1.195094269e-02 1.337309554e-02
 1.475478522e-02 1.614738815e-02 1.755974256e-02 1.899372600e-02 2.044901811e-02
 2.192338370e-02 2.341410145e-02 2.491829544e-02 2.643293515e-02 2.795478329e-02
 2.948035672e-02 3.100591712e-02 3.252748027e-02 3.404084221e-02 3.554160893e-02
 3.702527285e-02 3.848725930e-02 3.992300481e-02 4.132803902e-02 4.269806668e-02
 4.402905330e-02 4.531729594e-02 4.655952379e-02 4.775296524e-02 4.889533669e-02
 4.998470098e-02 5.101886392e-02 5.199581757e-02 5.290696025e-02 5.373924598e-02
 5.451369658e-02 5.523175001e-02 5.589555576e-02 5.650668219e-02 5.706661940e-02
 5.757704750e-02 5.803986266e-02 5.845713243e-02 5.883102864e-02 5.916379392e-02
 5.519746264e-05 1.228322944e-04 2.138674899e-04 3.247956047e-04 4.517198540e-04
 5.910213222e-04 7.386446232e-04 8.929668693e-04 1.056585228e-03 1.234210562e-03
 1.434880192e-03 1.672870130e-03 1.967545832e-03 2.340707695e-03 2.812043065e-03
 3.395475447e-03 4.093042575e-03 4.900550470e-03 5.808612332e-03 6.804056931e-03
 7.875910029e-03 9.015008807e-03 1.021589898e-02 1.145942323e-02 1.273635495e-02
 1.399096102e-02 1.525979862e-02 1.654552482e-02 1.786177792e-02 1.920250803e-02
 2.056329139e-02 2.194067277e-02 2.333145216e-02 2.473246679e-02 2.614050545e-02
 2.755225450e-02 2.896428108e-02 3.037302382e-02 3.177481145e-02 3.316588700e-02
 3.454243764e-02 3.590064496e-02 3.723672405e-02 3.854699060e-02 3.982790560e-02
 4.107614607e-02 4.228866100e-02 4.346273467e-02 4.459607601e-02 4.568695277e-02
 4.673467577e-02 4.773802310e-02 4.868882895e-02 4.958213121e-02 5.040769652e-02
 5.117913336e-02 5.190172046e-02 5.257906020e-02 5.321045592e-02 5.379645154e-02
 5.433807150e-02 5.483661219e-02 5.529356003e-02 5.571053922e-02 5.608925223e-02
 0.115728974E+01 0.116227126E+01 0.116254163E+01 0.116526449E+01 0.116832781E+01
 0.117214835E+01 0.117659378E+01 0.118162370E+01 0.118725753E+01 0.119344366E+01
 0.120026600E+01 0.120776141E+01 0.121594954E+01 0.122475803E+01 0.123430812E+01
 0.124463022E+01 0.125567257E+01 0.126757741E+01 0.128029537E+01 0.129391229E+01
 0.130848300E+01 0.132399118E+01 0.134057033E+01 0.135820973E+01 0.137703979E+01
 0.139706910E+01 0.141841996E+01 0.144113696E+01 0.146533847E+01 0.149111903E+01
 0.151859570E+01 0.154789197E+01 0.157913041E+01 0.161248732E+01 0.164811063E+01
 0.168621850E+01 0.172700286E+01 0.177072346E+01 0.181763315E+01 0.186805642E+01
 0.192233050E+01 0.198087096E+01 0.204414177E+01 0.211265802E+01 0.218703389E+01
 0.226799607E+01 0.235638952E+01 0.245325971E+01 0.255968094E+01 0.267711616E+01
 0.280733037E+01 0.295234466E+01 0.311479139E+01 0.329793310E+01 0.350587106E+01
 0.374390578E+01 0.401942587E+01 0.434167147E+01 0.472380733E+01 0.518523884E+01
 0.575627851E+01 0.648816586E+01 0.747537661E+01 0.895075989E+01 0.174813461E+02
  153   37
 0.229475930E+00 0.000000000E+00 0.229876190E+00 0.625000000E-01 0.231543392E+00
 0.125000000E+00 0.234541386E+00 0.187500000E+00 0.238984078E+00 0.250000000E+00
 0.241874993E+00 0.280631900E+00 0.244639784E+00 0.312500000E+00 0.251551062E+00
 0.375000000E+00 0.260381103E+00 0.437500000E+00 0.271504641E+00 0.500000000E+00
 0.272187501E+00 0.503385663E+00 0.283939689E+00 0.562500000E+00 0.299301594E+00
 0.625000000E+00 0.302500010E+00 0.636719704E+00 0.316806048E+00 0.687500000E+00
 0.332812488E+00 0.736480653E+00 0.337529361E+00 0.750000000E+00 0.361204267E+00
 0.812500000E+00 0.363124996E+00 0.817517340E+00 0.387951553E+00 0.875000000E+00
 0.393437505E+00 0.888060451E+00 0.418014109E+00 0.937500000E+00 0.423750013E+00
 0.950552344E+00 0.451187909E+00 0.100000000E+01 0.454062492E+00 0.100679219E+01
 0.484375000E+00 0.105893922E+01 0.487468302E+00 0.106250000E+01 0.514687479E+00
 0.111285269E+01 0.535223663E+00 0.114512181E+01 0.555759847E+00 0.117739093E+01
 0.580692410E+00 0.116383076E+01 0.605624974E+00 0.115027070E+01 0.630996644E+00
 0.112500000E+01 0.635937512E+00 0.112330210E+01 0.666249990E+00 0.110646343E+01
 0.696562529E+00 0.108507085E+01 0.722711205E+00 0.106250000E+01 0.726875007E+00
 0.106028593E+01 0.757187486E+00 0.103976238E+01 0.787500024E+00 0.101543200E+01
 0.803642690E+00 0.100000000E+01 0.817812502E+00 0.990293801E+00 0.848124981E+00
 0.965745568E+00 0.878171802E+00 0.937500000E+00 0.878437519E+00 0.937307239E+00
 0.908749998E+00 0.911701441E+00 0.939062476E+00 0.882384956E+00 0.945766091E+00
 0.875000000E+00 0.969375014E+00 0.853766680E+00 0.999687493E+00 0.822953522E+00
 0.100887430E+01 0.812500000E+00 0.102999997E+01 0.791900277E+00 0.106031251E+01
 0.758896649E+00 0.106772518E+01 0.750000000E+00 0.109062505E+01 0.725332081E+00
 0.112093747E+01 0.689025879E+00 0.112210989E+01 0.687500000E+00 0.115125000E+01
 0.652013063E+00 0.117123437E+01 0.625000000E+00 0.118156254E+01 0.611542225E+00
 0.121187496E+01 0.568007529E+00 0.121538830E+01 0.562500000E+00 0.124218750E+01
 0.521323979E+00 0.125481963E+01 0.500000000E+00 0.127250004E+01 0.470577598E+00
 0.129092848E+01 0.437500000E+00 0.130281246E+01 0.416358918E+00 0.132497013E+01
 0.375000000E+00 0.133312500E+01 0.359584600E+00 0.135759532E+01 0.312500000E+00
 0.136343753E+01 0.300524592E+00 0.138826263E+01 0.250000000E+00 0.139374995E+01
 0.237047404E+00 0.141523004E+01 0.187500000E+00 0.142406249E+01 0.160566047E+00
 0.143613827E+01 0.125000000E+00 0.144887292E+01 0.625000000E-01 0.145251405E+01
 0.000000000E+00 0.144698334E+01-0.625000000E-01 0.143238282E+01-0.125000000E+00
 0.142406249E+01-0.147784561E+00 0.141005433E+01-0.187500000E+00 0.139374995E+01
-0.223492488E+00 0.138201416E+01-0.250000000E+00 0.136343753E+01-0.286885262E+00
 0.135060692E+01-0.312500000E+00 0.133312500E+01-0.345760643E+00 0.131742013E+01
-0.375000000E+00 0.130281246E+01-0.402168930E+00 0.128277087E+01-0.437500000E+00
 0.127250004E+01-0.455924183E+00 0.124584973E+01-0.500000000E+00 0.124218750E+01
-0.506187916E+00 0.121187496E+01-0.553058088E+00 0.120517170E+01-0.562500000E+00
 0.118156254E+01-0.596565068E+00 0.115963233E+01-0.625000000E+00 0.115125000E+01
-0.636352599E+00 0.112093747E+01-0.673728585E+00 0.110859251E+01-0.687500000E+00
 0.109062505E+01-0.709180057E+00 0.106031251E+01-0.742151976E+00 0.105232918E+01
-0.750000000E+00 0.102999997E+01-0.774784505E+00 0.999687493E+00-0.804857969E+00
 0.991058469E+00-0.812500000E+00 0.969375014E+00-0.835210085E+00 0.939062476E+00
-0.863258243E+00 0.924611270E+00-0.875000000E+00 0.908749998E+00-0.891017616E+00
 0.878437519E+00-0.917640507E+00 0.852336228E+00-0.937500000E+00 0.848124981E+00
-0.941721976E+00 0.817812502E+00-0.967548549E+00 0.787500024E+00-0.989587188E+00
 0.770289838E+00-0.100000000E+01 0.757187486E+00-0.101143444E+01 0.726875007E+00
-0.103302801E+01 0.696562529E+00-0.105061102E+01 0.669930398E+00-0.106250000E+01
 0.666249990E+00-0.106539237E+01 0.635937512E+00-0.108144903E+01 0.595658422E+00
-0.112269914E+01 0.555379391E+00-0.116394925E+01 0.544729292E+00-0.111322463E+01
 0.534079134E+00-0.106250000E+01 0.514687479E+00-0.104882777E+01 0.484375000E+00
-0.101144314E+01 0.477955997E+00-0.100000000E+01 0.454062492E+00-0.967940152E+00
 0.437294453E+00-0.937500000E+00 0.423750013E+00-0.916114628E+00 0.402764499E+00
-0.875000000E+00 0.393437505E+00-0.857558072E+00 0.372838587E+00-0.812500000E+00
 0.363124996E+00-0.790731311E+00 0.346863449E+00-0.750000000E+00 0.332812488E+00
-0.711702406E+00 0.324558169E+00-0.687500000E+00 0.305577815E+00-0.625000000E+00
 0.302500010E+00-0.613572121E+00 0.289057285E+00-0.562500000E+00 0.275579005E+00
-0.500000000E+00 0.272187501E+00-0.481503278E+00 0.263934940E+00-0.437500000E+00
 0.254376799E+00-0.375000000E+00 0.246859133E+00-0.312500000E+00 0.241874993E+00
-0.259358436E+00 0.240924537E+00-0.250000000E+00 0.235944360E+00-0.187500000E+00
 0.232454643E+00-0.125000000E+00 0.230325326E+00-0.625000000E-01 0.229475930E+00
 0.000000000E+00
 0.189999998E+01 0.405000001E+00 0.155510426E+01 0.405000001E+00 0.155510426E+01
 0.822500229E+00 0.140793061E+01 0.822500229E+00 0.140793061E+01 0.103300035E+01
 0.103993106E+01 0.103300035E+01 0.103993106E+01 0.119500005E+01 0.189999998E+01
 0.119500005E+01 0.189999998E+01 0.182500005E+01 0.564930677E+00 0.182500005E+01
 0.564930677E+00 0.172808158E+01 0.783500016E+00 0.172808158E+01 0.783500016E+00
 0.171558166E+01 0.582590282E+00 0.154700005E+01 0.416500002E+00 0.154700005E+01
 0.280000001E+00 0.168350005E+01 0.280000001E+00 0.122908854E+01 0.195244402E+00
 0.108350003E+01 0.195244402E+00-0.108350003E+01 0.280000001E+00-0.122908854E+01
 0.280000001E+00-0.168350005E+01 0.416500002E+00-0.154700005E+01 0.582590282E+00
-0.154700005E+01 0.783500016E+00-0.171558166E+01 0.783500016E+00-0.172808158E+01
 0.564930677E+00-0.172808158E+01 0.564930677E+00-0.182500005E+01 0.189999998E+01
-0.182500005E+01 0.189999998E+01-0.119500005E+01 0.103993106E+01-0.119500005E+01
 0.103993106E+01-0.103300035E+01 0.140793061E+01-0.103300035E+01 0.140793061E+01
-0.822500229E+00 0.155510426E+01-0.822500229E+00 0.155510426E+01-0.405000001E+00
 0.189999998E+01-0.405000001E+00 0.189999998E+01 0.405000001E+00
    0
