EFIT++  MAST     # 29976 # 204ms                   0  65  65
 0.194000006E+01 0.400000000E+01 0.841534197E+00 0.599999987E-01 0.000000000E+00
 0.938713133E+00 0.905324984E-02-0.614786372E-01 0.202058833E-01-0.481663942E+00
 0.813640375E+06-0.614786372E-01 0.000000000E+00 0.938713133E+00 0.000000000E+00
 0.905324984E-02 0.000000000E+00 0.202058833E-01 0.000000000E+00 0.000000000E+00
-0.476682037E+00-0.474287093E+00-0.471934319E+00-0.469623834E+00-0.467355758E+00
-0.465130150E+00-0.462947100E+00-0.460806668E+00-0.458708942E+00-0.456653953E+00
-0.454641759E+00-0.452672333E+00-0.450745732E+00-0.448861957E+00-0.447020978E+00
-0.445222765E+00-0.443467319E+00-0.441754550E+00-0.440084428E+00-0.438456863E+00
-0.436871767E+00-0.435329050E+00-0.433828562E+00-0.432370216E+00-0.430953830E+00
-0.429579258E+00-0.428246319E+00-0.426954865E+00-0.425704658E+00-0.424495459E+00
-0.423327088E+00-0.422199279E+00-0.421111763E+00-0.420064241E+00-0.419056505E+00
-0.418088168E+00-0.417158961E+00-0.416268528E+00-0.415416569E+00-0.414602667E+00
-0.413826466E+00-0.413087606E+00-0.412385672E+00-0.411720276E+00-0.411090970E+00
-0.410497308E+00-0.409938872E+00-0.409415185E+00-0.408925802E+00-0.408470213E+00
-0.408047915E+00-0.407658458E+00-0.407301307E+00-0.406975925E+00-0.406681776E+00
-0.406418353E+00-0.406185091E+00-0.405981451E+00-0.405806839E+00-0.405660689E+00
-0.405542463E+00-0.405451536E+00-0.405387312E+00-0.405349225E+00-0.405336678E+00
 0.157325234E+05 0.157276572E+05 0.157000547E+05 0.156504443E+05 0.155795566E+05
 0.154881221E+05 0.153768701E+05 0.152465312E+05 0.150978359E+05 0.149315137E+05
 0.147482949E+05 0.145489092E+05 0.143340869E+05 0.141045576E+05 0.138610518E+05
 0.136042998E+05 0.133350312E+05 0.130539766E+05 0.127618652E+05 0.124594277E+05
 0.121473945E+05 0.118264941E+05 0.114974590E+05 0.111610166E+05 0.108178994E+05
 0.104688350E+05 0.101145557E+05 0.975579102E+04 0.939326953E+04 0.902772363E+04
 0.865988086E+04 0.829047363E+04 0.792022998E+04 0.754988184E+04 0.718015771E+04
 0.681178857E+04 0.644550391E+04 0.608203467E+04 0.572210986E+04 0.536645996E+04
 0.501581543E+04 0.467090576E+04 0.433246094E+04 0.400121167E+04 0.367788770E+04
 0.336321899E+04 0.305793555E+04 0.276276758E+04 0.247844507E+04 0.220569800E+04
 0.194525671E+04 0.169785095E+04 0.146421106E+04 0.124506689E+04 0.104114856E+04
 0.853186096E+03 0.681909668E+03 0.528049255E+03 0.392334900E+03 0.275496704E+03
 0.178264725E+03 0.101368996E+03 0.455395927E+02 0.115065746E+02 0.000000000E+00
-0.902334571E+00-0.882146776E+00-0.862152278E+00-0.842351079E+00-0.822743177E+00
-0.803328574E+00-0.784107268E+00-0.765079200E+00-0.746244490E+00-0.727603078E+00
-0.709154963E+00-0.690900087E+00-0.672838569E+00-0.654970288E+00-0.637295365E+00
-0.619813681E+00-0.602525353E+00-0.585430264E+00-0.568528533E+00-0.551820040E+00
-0.535304844E+00-0.518983006E+00-0.502854407E+00-0.486919105E+00-0.471177131E+00
-0.455628425E+00-0.440273017E+00-0.425110906E+00-0.410142094E+00-0.395366609E+00
-0.380784392E+00-0.366395444E+00-0.352199823E+00-0.338197500E+00-0.324388474E+00
-0.310772717E+00-0.297350287E+00-0.284121126E+00-0.271085292E+00-0.258242726E+00
-0.245593473E+00-0.233137503E+00-0.220874846E+00-0.208805472E+00-0.196929395E+00
-0.185246617E+00-0.173757136E+00-0.162460938E+00-0.151358053E+00-0.140448451E+00
-0.129732147E+00-0.119209148E+00-0.108879440E+00-0.987430215E-01-0.887999088E-01
-0.790500864E-01-0.694935545E-01-0.601303279E-01-0.509603918E-01-0.419837534E-01
-0.332004130E-01-0.246103648E-01-0.162136145E-01-0.801015925E-02 0.000000000E+00
 0.528555664E+04-0.128151367E+05-0.303438262E+05-0.473005117E+05-0.636851953E+05
-0.794978750E+05-0.947385469E+05-0.109407227E+06-0.123503891E+06-0.137028562E+06
-0.149981219E+06-0.162361875E+06-0.174170531E+06-0.185407188E+06-0.196071844E+06
-0.206164484E+06-0.215685125E+06-0.224633766E+06-0.233010406E+06-0.240815031E+06
-0.248047656E+06-0.254708281E+06-0.260796906E+06-0.266313531E+06-0.271258156E+06
-0.275630750E+06-0.279431375E+06-0.282659969E+06-0.285316562E+06-0.287401156E+06
-0.288913750E+06-0.289854344E+06-0.290222938E+06-0.290019531E+06-0.289244125E+06
-0.287896688E+06-0.285977250E+06-0.283485844E+06-0.280422406E+06-0.276786969E+06
-0.272579531E+06-0.267800094E+06-0.262448656E+06-0.256525203E+06-0.250029750E+06
-0.242962297E+06-0.235322828E+06-0.227111375E+06-0.218327906E+06-0.208972438E+06
-0.199044969E+06-0.188545484E+06-0.177474016E+06-0.165830531E+06-0.153615047E+06
-0.140827547E+06-0.127468062E+06-0.113536562E+06-0.990330625E+05-0.839575625E+05
-0.683100547E+05-0.520905469E+05-0.352990352E+05-0.179355195E+05 0.000000000E+00
 4.876796447e-05 1.085461481e-04 1.891153515e-04 2.876181097e-04 4.009726399e-04
 5.268056411e-04 6.656698533e-04 8.160025463e-04 9.768216405e-04 1.151951496e-03
 1.349096303e-03 1.580377459e-03 1.862179022e-03 2.214252250e-03 2.651519841e-03
 3.182788379e-03 3.815277480e-03 4.540100228e-03 5.344688892e-03 6.219433621e-03
 7.152017206e-03 8.128640242e-03 9.130874649e-03 1.017903443e-02 1.127538923e-02
 1.251670998e-02 1.381792873e-02 1.516294107e-02 1.650833152e-02 1.785986684e-02
 1.921936311e-02 2.058616839e-02 2.195878327e-02 2.333522774e-02 2.471314557e-02
 2.608986013e-02 2.746240795e-02 2.882757410e-02 3.018191643e-02 3.152181208e-02
 3.284349293e-02 3.414307162e-02 3.541658819e-02 3.666004166e-02 3.786939755e-02
 3.904060647e-02 4.016955942e-02 4.125201702e-02 4.228335619e-02 4.325776175e-02
 4.416468367e-02 4.500051588e-02 4.581693187e-02 4.664203152e-02 4.754351825e-02
 4.842919111e-02 4.926236346e-02 5.002197996e-02 5.072103441e-02 5.136504769e-02
 5.195762962e-02 5.250173807e-02 5.300002545e-02 5.345496535e-02 5.386890098e-02
 5.820093065e-05 1.280236320e-04 2.193965483e-04 3.266457061e-04 4.440815537e-04
 5.680266768e-04 6.926089409e-04 8.103376604e-04 9.172090795e-04 1.013826462e-03
 1.107740798e-03 1.217186800e-03 1.375399646e-03 1.625781064e-03 2.016541781e-03
 2.581839915e-03 3.306901082e-03 4.152942915e-03 5.096834153e-03 6.121246610e-03
 7.204963360e-03 8.330506273e-03 9.487424977e-03 1.067302842e-02 1.188288722e-02
 1.326339226e-02 1.469070558e-02 1.613901742e-02 1.759974658e-02 1.906782947e-02
 2.054222673e-02 2.202246897e-02 2.350760624e-02 2.499604784e-02 2.648561634e-02
 2.797360718e-02 2.945685200e-02 3.093177825e-02 3.239446878e-02 3.384071216e-02
 3.526607156e-02 3.666592017e-02 3.803552687e-02 3.937008604e-02 4.066474736e-02
 4.191465303e-02 4.311490059e-02 4.426050931e-02 4.534637555e-02 4.636755586e-02
 4.732104018e-02 4.821003601e-02 4.903991520e-02 4.987106100e-02 5.080218241e-02
 5.167681724e-02 5.249187350e-02 5.324136838e-02 5.392582715e-02 5.454893410e-02
 5.511468649e-02 5.562680587e-02 5.608870089e-02 5.650352687e-02 5.687425286e-02
 7.930347783e-05 1.726202900e-04 2.909848990e-04 4.224558361e-04 5.541408900e-04
 6.889272481e-04 8.197674179e-04 9.116927977e-04 9.541769978e-04 9.381429409e-04
 8.576966939e-04 7.142782561e-04 5.270712427e-04 3.458319406e-04 5.375676556e-04
 1.305589220e-03 2.356167650e-03 3.515899414e-03 4.722527694e-03 5.996093620e-03
 7.306748070e-03 8.633714169e-03 9.960732423e-03 1.131310128e-02 1.271449216e-02
 1.418784633e-02 1.572256163e-02 1.729829982e-02 1.887281798e-02 2.045072056e-02
 2.203557827e-02 2.362808213e-02 2.522755787e-02 2.683239058e-02 2.844020352e-02
 3.004794754e-02 3.165196255e-02 3.324805945e-02 3.483157232e-02 3.639744222e-02
 3.794030100e-02 3.945455700e-02 4.093447700e-02 4.237429425e-02 4.376828298e-02
 4.511083290e-02 4.639648646e-02 4.761993513e-02 4.877583310e-02 4.985815287e-02
 5.085770786e-02 5.177593976e-02 5.266149342e-02 5.353533104e-02 5.441367999e-02
 5.527443439e-02 5.607429519e-02 5.679167807e-02 5.743724480e-02 5.801711977e-02
 5.853588879e-02 5.899760127e-02 5.940603465e-02 5.976477638e-02 6.007726118e-02
 1.218207035e-04 2.639706363e-04 4.422776110e-04 6.378164398e-04 8.325371309e-04
 1.021871809e-03 1.172384480e-03 1.257426455e-03 1.251563546e-03 1.128503820e-03
 8.576745167e-04 4.000489425e-04-2.995896211e-04-1.341648516e-03-1.613148721e-03
-4.753444227e-04 1.025529811e-03 2.694817493e-03 4.359085113e-03 5.998932756e-03
 7.603304461e-03 9.178058244e-03 1.073478069e-02 1.228839811e-02 1.385338791e-02
 1.543981768e-02 1.705194451e-02 1.868812740e-02 2.034404688e-02 2.201695554e-02
 2.370542847e-02 2.540830523e-02 2.712402306e-02 2.885035053e-02 3.058430739e-02
 3.232215345e-02 3.405942023e-02 3.579095379e-02 3.751100972e-02 3.921330348e-02
 4.089116305e-02 4.253761470e-02 4.414555430e-02 4.570788890e-02 4.721771181e-02
 4.866845906e-02 5.005411804e-02 5.136942118e-02 5.261013657e-02 5.377363786e-02
 5.485996604e-02 5.587335303e-02 5.682191625e-02 5.771269277e-02 5.854846537e-02
 5.932695046e-02 6.004217640e-02 6.068971381e-02 6.126906350e-02 6.178224832e-02
 6.223252043e-02 6.262362748e-02 6.295950711e-02 6.324408948e-02 6.348124146e-02
 2.014563943e-04 4.351187381e-04 7.261939463e-04 1.043818542e-03 1.357774599e-03
 1.650220831e-03 1.877752366e-03 2.010609722e-03 2.017486840e-03 1.863153186e-03
 1.504556742e-03 8.855458000e-04-6.880200817e-05-1.468966948e-03-2.253140556e-03
-1.842638943e-03-1.991869940e-04 2.331993077e-03 4.523005802e-03 6.498873234e-03
 8.338497020e-03 1.009247452e-02 1.179598458e-02 1.347466465e-02 1.514747832e-02
 1.682760753e-02 1.852362975e-02 2.024081908e-02 2.198194712e-02 2.374796011e-02
 2.553872205e-02 2.735323086e-02 2.918962575e-02 3.104514629e-02 3.291609883e-02
 3.479783610e-02 3.668479249e-02 3.857051209e-02 4.044772685e-02 4.230846465e-02
 4.414418340e-02 4.594593868e-02 4.770459607e-02 4.941106215e-02 5.105654895e-02
 5.263284966e-02 5.413262919e-02 5.554973707e-02 5.687950179e-02 5.811903626e-02
 5.926747248e-02 6.032584235e-02 6.129647419e-02 6.218237430e-02 6.298629940e-02
 6.371029466e-02 6.435621530e-02 6.492605805e-02 6.542246044e-02 6.584889442e-02
 6.620946527e-02 6.650867313e-02 6.675115973e-02 6.694153696e-02 6.708429754e-02
 3.480912419e-04 7.468574913e-04 1.235625939e-03 1.758447150e-03 2.265192801e-03
 2.720404649e-03 3.085895907e-03 3.332421184e-03 3.430675482e-03 3.352524946e-03
 3.062332748e-03 2.511888742e-03 1.624585595e-03 2.513184154e-04-5.854377523e-04
-3.082853509e-04 1.237006625e-03 3.752620192e-03 5.934985355e-03 7.907127030e-03
 9.751024656e-03 1.151989400e-02 1.324746478e-02 1.496050507e-02 1.667562500e-02
 1.840514690e-02 2.015856840e-02 2.194248140e-02 2.376103215e-02 2.561645955e-02
 2.750939876e-02 2.943911031e-02 3.140358254e-02 3.339957446e-02 3.542260826e-02
 3.746698424e-02 3.952576965e-02 4.159083962e-02 4.365292937e-02 4.570175335e-02
 4.772616178e-02 4.971436784e-02 5.165422335e-02 5.353356525e-02 5.534060299e-02
 5.706431717e-02 5.869489163e-02 6.022408232e-02 6.164555252e-02 6.295508891e-02
 6.415065378e-02 6.523231417e-02 6.620198488e-02 6.706295162e-02 6.781950593e-02
 6.847661734e-02 6.903967261e-02 6.951441616e-02 6.990686804e-02 7.022323459e-02
 7.046978921e-02 7.065273076e-02 7.077807188e-02 7.085154951e-02 7.087855041e-02
 6.279410445e-04 1.334720291e-03 2.173835644e-03 3.026244929e-03 3.789825132e-03
 4.427189473e-03 4.966704175e-03 5.376538262e-03 5.608216859e-03 5.659967661e-03
 5.540503655e-03 5.258866120e-03 4.827294033e-03 4.303028807e-03 4.053098150e-03
 4.404897336e-03 5.445197225e-03 6.972558331e-03 8.577044122e-03 1.019245293e-02
 1.180859189e-02 1.343034953e-02 1.506585348e-02 1.672505587e-02 1.841697283e-02
 2.014919184e-02 2.192779258e-02 2.375735156e-02 2.564098313e-02 2.758038230e-02
 2.957587317e-02 3.162642568e-02 3.372963145e-02 3.588165343e-02 3.807718679e-02
 4.030934721e-02 4.256964847e-02 4.484795406e-02 4.713249207e-02 4.940993339e-02
 5.166556314e-02 5.388354138e-02 5.604727939e-02 5.813994631e-02 6.014503911e-02
 6.204704568e-02 6.383211166e-02 6.548864394e-02 6.700781733e-02 6.838390231e-02
 6.961435825e-02 7.069974393e-02 7.164338231e-02 7.245090604e-02 7.312972844e-02
 7.368849218e-02 7.413657010e-02 7.448365539e-02 7.473944873e-02 7.491338253e-02
 7.501443475e-02 7.505103946e-02 7.503096014e-02 7.496129721e-02 7.484843582e-02
 1.185430563e-03 2.512593986e-03 4.042511340e-03 5.478098523e-03 6.597337313e-03
 7.379516494e-03 7.963724434e-03 8.374973200e-03 8.598458953e-03 8.677511476e-03
 8.654069155e-03 8.569841273e-03 8.478361182e-03 8.454914205e-03 8.591474965e-03
 8.969457820e-03 9.622090496e-03 1.052303985e-02 1.161512267e-02 1.284356415e-02
 1.417301223e-02 1.558543276e-02 1.707256958e-02 1.863179542e-02 2.026346512e-02
 2.196931653e-02 2.375152335e-02 2.561211027e-02 2.755259164e-02 2.957369760e-02
 3.167518228e-02 3.385563940e-02 3.611232340e-02 3.844096884e-02 4.083559662e-02
 4.328831658e-02 4.578912631e-02 4.832573980e-02 5.088347569e-02 5.344521627e-02
 5.599151179e-02 5.850084126e-02 6.095008925e-02 6.331526488e-02 6.557244062e-02
 6.769883633e-02 6.967405975e-02 7.148117572e-02 7.310769707e-02 7.454615086e-02
 7.579430193e-02 7.685486972e-02 7.773488760e-02 7.844486088e-02 7.899779826e-02
 7.940817624e-02 7.969106734e-02 7.986146957e-02 7.993371040e-02 7.992115617e-02
 7.983595878e-02 7.968900353e-02 7.948988676e-02 7.924699038e-02 7.896754891e-02
 2.244999632e-03 4.946546163e-03 8.197518997e-03 1.074318867e-02 1.184351370e-02
 1.219577249e-02 1.229918934e-02 1.229278743e-02 1.222537644e-02 1.212388463e-02
 1.201286074e-02 1.191956643e-02 1.187611837e-02 1.191892661e-02 1.208477747e-02
 1.240387559e-02 1.289368980e-02 1.355684921e-02 1.438394655e-02 1.535990834e-02
 1.646978781e-02 1.770189777e-02 1.904837228e-02 2.050463110e-02 2.206852473e-02
 2.373952419e-02 2.551805042e-02 2.740492672e-02 2.940096334e-02 3.150659800e-02
 3.372159973e-02 3.604477271e-02 3.847367689e-02 4.100429639e-02 4.363070428e-02
 4.634468630e-02 4.913532361e-02 5.198859051e-02 5.488695204e-02 5.780902877e-02
 6.072945893e-02 6.361897290e-02 6.644488871e-02 6.917204708e-02 7.176433504e-02
 7.418666035e-02 7.640729100e-02 7.840023935e-02 8.014712483e-02 8.163843304e-02
 8.287371695e-02 8.386097848e-02 8.461531997e-02 8.515676111e-02 8.550831676e-02
 8.569413424e-02 8.573800325e-02 8.566230536e-02 8.548735082e-02 8.523105830e-02
 8.490891755e-02 8.453408629e-02 8.411757648e-02 8.366852999e-02 8.319444954e-02
 3.582236823e-03 8.312583901e-03 1.525753085e-02 1.965554431e-02 1.879233494e-02
 1.774107106e-02 1.699632220e-02 1.641883329e-02 1.595061645e-02 1.556749362e-02
 1.526204217e-02 1.503701601e-02 1.490203943e-02 1.487092394e-02 1.495888084e-02
 1.517979149e-02 1.554388832e-02 1.605662517e-02 1.671908982e-02 1.752927899e-02
 1.848372445e-02 1.957884245e-02 2.081179433e-02 2.218085341e-02 2.368540876e-02
 2.532578632e-02 2.710299753e-02 2.901844867e-02 3.107365966e-02 3.326997533e-02
 3.560829535e-02 3.808875754e-02 4.071039706e-02 4.347075522e-02 4.636539891e-02
 4.938733950e-02 5.252636597e-02 5.576822907e-02 5.909376964e-02 6.247796491e-02
 6.588909030e-02 6.928811222e-02 7.262866944e-02 7.585801929e-02 7.891923189e-02
 8.175481856e-02 8.431164920e-02 8.654607087e-02 8.842891455e-02 8.994820714e-02
 9.110981226e-02 9.193485975e-02 9.245537221e-02 9.271033108e-02 9.274099022e-02
 9.258745611e-02 9.228646010e-02 9.187012911e-02 9.136562049e-02 9.079528600e-02
 9.017711878e-02 8.952538669e-02 8.885122836e-02 8.816323429e-02 8.746798337e-02
 4.461688921e-03 1.025249343e-02 1.842610538e-02 2.369688451e-02 2.305811085e-02
 2.186686918e-02 2.080753632e-02 1.990372129e-02 1.916932501e-02 1.856986433e-02
 1.808890328e-02 1.771982014e-02 1.746249758e-02 1.732104644e-02 1.730192639e-02
 1.741235144e-02 1.765911095e-02 1.804783754e-02 1.858271100e-02 1.926662214e-02
 2.010156959e-02 2.108913474e-02 2.223087288e-02 2.352859825e-02 2.498451434e-02
 2.660125867e-02 2.838184498e-02 3.032957204e-02 3.244788945e-02 3.474024311e-02
 3.720987588e-02 3.985960409e-02 4.269150645e-02 4.570652917e-02 4.890394211e-02
 5.228064209e-02 5.583021417e-02 5.954172462e-02 6.339813024e-02 6.737429649e-02
 7.143465430e-02 7.553066313e-02 7.959862798e-02 8.355887979e-02 8.731761575e-02
 9.077314287e-02 9.382664412e-02 9.639673680e-02 9.843165427e-02 9.991771728e-02
 1.008781344e-01 1.013662815e-01 1.014551967e-01 1.012224928e-01 1.007421836e-01
 1.000792161e-01 9.928727150e-02 9.840876609e-02 9.747610241e-02 9.651330113e-02
 9.553780407e-02 9.456191212e-02 9.359414876e-02 9.264019877e-02 9.170375019e-02
 4.904938862e-03 1.118208002e-02 1.989598572e-02 2.563965507e-02 2.531615831e-02
 2.425875142e-02 2.326882817e-02 2.236839384e-02 2.157313563e-02 2.088584378e-02
 2.030649222e-02 1.983563416e-02 1.947561093e-02 1.923056878e-02 1.910603233e-02
 1.910835318e-02 1.924419031e-02 1.952010021e-02 1.994230598e-02 2.051661164e-02
 2.124843933e-02 2.214294858e-02 2.320517413e-02 2.444017306e-02 2.585312165e-02
 2.744938619e-02 2.923457883e-02 3.121455759e-02 3.339543939e-02 3.578358516e-02
 3.838555515e-02 4.120805115e-02 4.425775632e-02 4.754109308e-02 5.106380582e-02
 5.483030528e-02 5.884270743e-02 6.309948117e-02 6.759354472e-02 7.230923325e-02
 7.721780986e-02 8.227108419e-02 8.739316463e-02 9.247136116e-02 9.735019505e-02
 1.018353477e-01 1.057168841e-01 1.088090539e-01 1.110003069e-01 1.122793630e-01
 1.127353981e-01 1.125207767e-01 1.118019149e-01 1.107358038e-01 1.094500422e-01
 1.080401242e-01 1.065733731e-01 1.050949767e-01 1.036338434e-01 1.022074372e-01
 1.008255109e-01 9.949269891e-02 9.821041673e-02 9.697808325e-02 9.579394758e-02
 5.126493052e-03 1.164796855e-02 2.064156346e-02 2.665650100e-02 2.656043135e-02
 2.566926181e-02 2.480106615e-02 2.397577465e-02 2.320707031e-02 2.250656299e-02
 2.188482136e-02 2.135077678e-02 2.091260813e-02 2.057837322e-02 2.035631239e-02
 2.025491558e-02 2.028286643e-02 2.044891939e-02 2.076178603e-02 2.123003639e-02
 2.186205238e-02 2.266604081e-02 2.365006134e-02 2.482209355e-02 2.619012073e-02
 2.776221745e-02 2.954662964e-02 3.155189008e-02 3.378692642e-02 3.626119718e-02
 3.898488730e-02 4.196911678e-02 4.522619769e-02 4.876982793e-02 5.261474475e-02
 5.677637085e-02 6.127032638e-02 6.611202657e-02 7.131555676e-02 7.689195871e-02
 8.284469694e-02 8.916068077e-02 9.579361230e-02 1.026341543e-01 1.094625741e-01
 1.158968434e-01 1.214011014e-01 1.254543215e-01 1.277516931e-01 1.283200979e-01
 1.274883896e-01 1.257320791e-01 1.234821007e-01 1.210214347e-01 1.185246706e-01
 1.160906106e-01 1.137689203e-01 1.115797833e-01 1.095268652e-01 1.076050922e-01
 1.058053151e-01 1.041168272e-01 1.025287956e-01 1.010309905e-01 9.961407632e-02
 5.241941661e-03 1.189286169e-02 2.103940398e-02 2.720296010e-02 2.720143087e-02
 2.643143386e-02 2.571585961e-02 2.496940270e-02 2.423544601e-02 2.353550680e-02
 2.288592793e-02 2.230056748e-02 2.179191262e-02 2.137177251e-02 2.105169930e-02
 2.084323950e-02 2.075803652e-02 2.080784738e-02 2.100444213e-02 2.135947347e-02
 2.188436314e-02 2.259024605e-02 2.348798141e-02 2.458823845e-02 2.590154111e-02
 2.743837610e-02 2.920930646e-02 3.122514673e-02 3.349715844e-02 3.603728116e-02
 3.885847330e-02 4.197517410e-02 4.540429637e-02 4.916702211e-02 5.329126120e-02
 5.780505762e-02 6.274008006e-02 6.812939048e-02 7.401355356e-02 8.044647425e-02
 8.749567717e-02 9.524229169e-02 1.037784889e-01 1.131941602e-01 1.235213503e-01
 1.345508993e-01 1.443750262e-01 1.506678164e-01 1.528225541e-01 1.506516188e-01
 1.457614601e-01 1.405932605e-01 1.356592774e-01 1.311215460e-01 1.270537823e-01
 1.234330162e-01 1.202067882e-01 1.173182800e-01 1.147152781e-01 1.123527661e-01
 1.101930887e-01 1.082051322e-01 1.063633934e-01 1.046470106e-01 1.030389071e-01
 5.304161459e-03 1.202725060e-02 2.126562595e-02 2.753575705e-02 2.767533809e-02
 2.698546834e-02 2.626995556e-02 2.553845011e-02 2.480475418e-02 2.408424392e-02
 2.339231223e-02 2.274382859e-02 2.215321176e-02 2.163467370e-02 2.120246179e-02
 2.087108046e-02 2.065541968e-02 2.057082579e-02 2.063280158e-02 2.085661516e-02
 2.125700377e-02 2.184800059e-02 2.264304087e-02 2.365523577e-02 2.489727177e-02
 2.638150007e-02 2.812023647e-02 3.012588061e-02 3.241113946e-02 3.498929366e-02
 3.787448257e-02 4.108200222e-02 4.462837055e-02 4.856116325e-02 5.290152133e-02
 5.766713247e-02 6.289821118e-02 6.868028641e-02 7.505386323e-02 8.210124820e-02
 8.994894475e-02 9.877412766e-02 1.088347286e-01 1.205216125e-01 1.344500929e-01
 1.517305672e-01 1.669050902e-01 1.757094413e-01 1.784195900e-01 1.747544110e-01
 1.650701612e-01 1.537551284e-01 1.453832388e-01 1.387582123e-01 1.333567798e-01
 1.288456172e-01 1.249999106e-01 1.216627955e-01 1.187219098e-01 1.160949618e-01
 1.137206107e-01 1.115524396e-01 1.095548868e-01 1.077004299e-01 1.059675515e-01
 5.335133988e-03 1.209437195e-02 2.137569711e-02 2.769547887e-02 2.788526379e-02
 2.722512372e-02 2.651509456e-02 2.577043697e-02 2.500561066e-02 2.423516661e-02
 2.347381227e-02 2.273645997e-02 2.203829773e-02 2.139492705e-02 2.082259394e-02
 2.033838816e-02 1.996013336e-02 1.970824413e-02 1.960373297e-02 1.966671273e-02
 1.991587505e-02 2.036752366e-02 2.103618346e-02 2.193804644e-02 2.308754623e-02
 2.449798025e-02 2.618266270e-02 2.815467492e-02 3.042710945e-02 3.301345930e-02
 3.592788428e-02 3.918552026e-02 4.280215502e-02 4.682038352e-02 5.126601830e-02
 5.615461618e-02 6.152493879e-02 6.745949388e-02 7.399194688e-02 8.120375872e-02
 8.921487629e-02 9.819225967e-02 1.083777174e-01 1.201373488e-01 1.340623498e-01
 1.513060927e-01 1.666455269e-01 1.758872569e-01 1.794353873e-01 1.771006435e-01
 1.680333614e-01 1.562855840e-01 1.477117389e-01 1.410634071e-01 1.357032508e-01
 1.312486529e-01 1.274545789e-01 1.241561696e-01 1.212384477e-01 1.186190546e-01
 1.162378192e-01 1.140500829e-01 1.120222732e-01 1.101288870e-01 1.083502918e-01
 5.344775971e-03 1.211429015e-02 2.141015604e-02 2.773855813e-02 2.792454883e-02
 2.725336514e-02 2.651706524e-02 2.572860941e-02 2.490136214e-02 2.404900454e-02
 2.318564989e-02 2.232595906e-02 2.148528025e-02 2.067984454e-02 1.992690563e-02
 1.924661919e-02 1.866332442e-02 1.820184849e-02 1.788724773e-02 1.774429902e-02
 1.779695414e-02 1.806775108e-02 1.857727021e-02 1.934345253e-02 2.037957124e-02
 2.169398777e-02 2.330289781e-02 2.521928959e-02 2.745519951e-02 3.002294712e-02
 3.293514624e-02 3.620548919e-02 3.984948620e-02 4.388603941e-02 4.833783582e-02
 5.322894081e-02 5.858574808e-02 6.443732232e-02 7.081757486e-02 7.777000219e-02
 8.534752578e-02 9.361052513e-02 1.026199311e-01 1.124149561e-01 1.229374111e-01
 1.337905824e-01 1.434743851e-01 1.504080296e-01 1.540520191e-01 1.542663872e-01
 1.513320804e-01 1.467503756e-01 1.421195269e-01 1.378739476e-01 1.340770274e-01
 1.306861788e-01 1.276376545e-01 1.248707175e-01 1.223342270e-01 1.199872568e-01
 1.177979112e-01 1.157416776e-01 1.137998030e-01 1.119579226e-01 1.102049276e-01
 5.339093972e-03 1.210015174e-02 2.137625031e-02 2.768183686e-02 2.784266695e-02
 2.712733485e-02 2.633184753e-02 2.546699159e-02 2.454423718e-02 2.357581817e-02
 2.257475443e-02 2.155491523e-02 2.053117193e-02 1.951945201e-02 1.854174584e-02
 1.762379333e-02 1.679282635e-02 1.607714593e-02 1.550572552e-02 1.510773599e-02
 1.491200551e-02 1.494640950e-02 1.523719635e-02 1.580817997e-02 1.667982340e-02
 1.786838286e-02 1.938518882e-02 2.123229578e-02 2.341524698e-02 2.594629489e-02
 2.883424982e-02 3.208847716e-02 3.571840748e-02 3.973401338e-02 4.414554313e-02
 4.896301404e-02 5.419561639e-02 5.985089764e-02 6.593377143e-02 7.244379818e-02
 7.937025279e-02 8.668287843e-02 9.431574494e-02 1.021403819e-01 1.099259257e-01
 1.172966883e-01 1.239192113e-01 1.293585300e-01 1.331713200e-01 1.352951825e-01
 1.359031647e-01 1.353548169e-01 1.340584904e-01 1.323487014e-01 1.304376423e-01
 1.284450144e-01 1.264340878e-01 1.244370639e-01 1.224703118e-01 1.205423847e-01
 1.186581999e-01 1.168209910e-01 1.150330678e-01 1.132962033e-01 1.116116345e-01
 5.322065204e-03 1.206056122e-02 2.130971849e-02 2.757055499e-02 2.766540088e-02
 2.688005753e-02 2.599788457e-02 2.502700500e-02 2.397711761e-02 2.285888977e-02
 2.168392949e-02 2.046485245e-02 1.921530068e-02 1.795712486e-02 1.671624184e-02
 1.552076638e-02 1.440070197e-02 1.338758878e-02 1.251406875e-02 1.181338169e-02
 1.131880376e-02 1.106301788e-02 1.107744128e-02 1.139147207e-02 1.203166880e-02
 1.302084047e-02 1.437693927e-02 1.611175761e-02 1.823018119e-02 2.072651312e-02
 2.358635142e-02 2.681900002e-02 3.042657860e-02 3.441084549e-02 3.877179325e-02
 4.350749776e-02 4.861286655e-02 5.407817289e-02 5.988693237e-02 6.601275504e-02
 7.241471857e-02 7.903113216e-02 8.577160537e-02 9.250881523e-02 9.907314181e-02
 1.052571312e-01 1.109692603e-01 1.160288826e-01 1.201579720e-01 1.232977211e-01
 1.254746169e-01 1.267846972e-01 1.273648590e-01 1.273576617e-01 1.268927306e-01
 1.260772198e-01 1.249964982e-01 1.237183735e-01 1.222968549e-01 1.207754463e-01
 1.191893667e-01 1.175670028e-01 1.159309670e-01 1.142990291e-01 1.126848087e-01
 5.296788178e-03 1.200239826e-02 2.119469643e-02 2.738908492e-02 2.741282806e-02
 2.653926238e-02 2.554697357e-02 2.444368787e-02 2.323775366e-02 2.193823270e-02
 2.055502869e-02 1.909894496e-02 1.758961193e-02 1.605197601e-02 1.451382414e-02
 1.300554816e-02 1.155985426e-02 1.021137368e-02 8.996187709e-03 7.951294072e-03
 7.114005275e-03 6.521306466e-03 6.209169980e-03 6.211833097e-03 6.561032031e-03
 7.285165600e-03 8.408369496e-03 9.949418716e-03 1.192039438e-02 1.432495378e-02
 1.715670340e-02 2.039703541e-02 2.400705777e-02 2.798980102e-02 3.233709559e-02
 3.703875467e-02 4.208067060e-02 4.744398594e-02 5.310309306e-02 5.902351812e-02
 6.515941769e-02 7.145074755e-02 7.782071829e-02 8.417455107e-02 9.040128440e-02
 9.638527036e-02 1.020330191e-01 1.072260365e-01 1.118244156e-01 1.157413647e-01
 1.189342216e-01 1.213952377e-01 1.231477037e-01 1.242407411e-01 1.247409135e-01
 1.247268841e-01 1.242823005e-01 1.234893948e-01 1.224256605e-01 1.211602315e-01
 1.197522730e-01 1.182505637e-01 1.166940704e-01 1.151130423e-01 1.135303304e-01
 5.265850108e-03 1.193171833e-02 2.107687481e-02 2.719820850e-02 2.711828239e-02
 2.613322809e-02 2.500833012e-02 2.374908514e-02 2.236172371e-02 2.085319534e-02
 1.923119277e-02 1.751110144e-02 1.571594365e-02 1.387213729e-02 1.200934406e-02
 1.016024686e-02 8.360215463e-03 6.646869704e-03 5.059561227e-03 3.638777416e-03
 2.425492043e-03 1.460485859e-03 7.836496807e-04 4.332831595e-04 4.453869769e-04
 8.529331535e-04 1.685077092e-03 2.966264728e-03 4.715170711e-03 6.943366490e-03
 9.653612040e-03 1.283754874e-02 1.647302322e-02 2.052282542e-02 2.492527105e-02
 2.967505530e-02 3.475359082e-02 4.013912380e-02 4.580539092e-02 5.172050744e-02
 5.784547701e-02 6.413316727e-02 7.052733004e-02 7.696225494e-02 8.336313069e-02
 8.964682370e-02 9.572124481e-02 1.014839560e-01 1.068239957e-01 1.116282716e-01
 1.157896817e-01 1.192215532e-01 1.218676269e-01 1.237132326e-01 1.247933283e-01
 1.251831204e-01 1.249867901e-01 1.243230104e-01 1.233053505e-01 1.220341548e-01
 1.205923259e-01 1.190450490e-01 1.174416170e-01 1.158181280e-01 1.142002568e-01
 5.231025629e-03 1.185233798e-02 2.092184871e-02 2.695909701e-02 2.678939886e-02
 2.567882650e-02 2.440524474e-02 2.297205105e-02 2.138336934e-02 1.964381523e-02
 1.776270010e-02 1.576029696e-02 1.366076525e-02 1.149206702e-02 9.285825305e-03
 7.077066228e-03 4.903833847e-03 2.806699835e-03 8.281666087e-04-9.879999561e-04
-2.597489627e-03-3.956182394e-03-5.020872224e-03-5.749960430e-03-6.104107015e-03
-6.046849769e-03-5.545211490e-03-4.570356105e-03-3.098353278e-03-1.111153513e-03
 1.402130933e-03 4.443534184e-03 8.003962226e-03 1.206010021e-02 1.657072641e-02
 2.147430182e-02 2.669933438e-02 3.223340958e-02 3.805409372e-02 4.413651675e-02
 5.045374110e-02 5.697543919e-02 6.366741657e-02 7.049077749e-02 7.740036398e-02
 8.434187621e-02 9.124676883e-02 9.802402556e-02 1.045492664e-01 1.106545925e-01
 1.161305830e-01 1.207390577e-01 1.242802665e-01 1.266558617e-01 1.278920323e-01
 1.281426698e-01 1.276283860e-01 1.265650243e-01 1.251408607e-01 1.234997585e-01
 1.217443645e-01 1.199445277e-01 1.181459203e-01 1.163772792e-01 1.146558076e-01
 5.193700548e-03 1.176728774e-02 2.078165673e-02 2.673137560e-02 2.643691003e-02
 2.519210242e-02 2.375939675e-02 2.214036509e-02 2.033716999e-02 1.835232973e-02
 1.620184630e-02 1.390692126e-02 1.149300579e-02 8.989761584e-03 6.430903450e-03
 3.853897331e-03 1.299522235e-03-1.188700320e-03-3.565187799e-03-5.783060566e-03
-7.794945966e-03-9.553789161e-03-1.101361960e-02-1.213024929e-02-1.286188327e-02
-1.316962857e-02-1.301793475e-02-1.237498969e-02-1.121315919e-02-9.509543888e-03
-7.246778812e-03-4.414212424e-03-1.009591389e-03 2.958656522e-03 7.468294352e-03
 1.247914787e-02 1.792889647e-02 2.372503467e-02 2.981696092e-02 3.619169444e-02
 4.283634573e-02 4.973978922e-02 5.689271539e-02 6.428789347e-02 7.191985846e-02
 7.978282869e-02 8.786515146e-02 9.613592923e-02 1.045152321e-01 1.128104702e-01
 1.206053123e-01 1.272491068e-01 1.320746541e-01 1.347323954e-01 1.353210509e-01
 1.343423426e-01 1.324537694e-01 1.301501393e-01 1.277034283e-01 1.252663583e-01
 1.229157075e-01 1.206844598e-01 1.185822710e-01 1.166071445e-01 1.147516817e-01
 5.155248567e-03 1.167965773e-02 2.060846798e-02 2.646636404e-02 2.607319877e-02
 2.468977123e-02 2.309253067e-02 2.128124796e-02 1.925584115e-02 1.702306978e-02
 1.460083947e-02 1.201151405e-02 9.282056242e-03 6.444004364e-03 3.533305367e-03
 5.899745738e-04-2.342408290e-03-5.217357539e-03-7.986267097e-03-1.059928071e-02
-1.300620567e-02-1.515740994e-02-1.700465195e-02-1.850180142e-02-1.960542426e-02
-2.027519792e-02-2.047419734e-02-2.016905881e-02-1.933009923e-02-1.793146878e-02
-1.595147140e-02-1.337314770e-02-1.018532831e-02-6.384305656e-03-1.976257190e-03
 3.019477706e-03 8.565939032e-03 1.460295822e-02 2.104338072e-02 2.777592465e-02
 3.480694816e-02 4.214165360e-02 4.979366437e-02 5.778802931e-02 6.616470963e-02
 7.498390973e-02 8.433299512e-02 9.433602542e-02 1.051680148e-01 1.170895174e-01
 1.307797879e-01 1.425427794e-01 1.497308016e-01 1.523440182e-01 1.495712847e-01
 1.438139677e-01 1.385721713e-01 1.339401603e-01 1.299098581e-01 1.264209151e-01
 1.233824119e-01 1.207101792e-01 1.183346063e-01 1.162002385e-01 1.142634004e-01
 5.117098335e-03 1.159274485e-02 2.046789415e-02 2.623500116e-02 2.571143769e-02
 2.418950386e-02 2.242750302e-02 2.042403631e-02 1.817742735e-02 1.570017636e-02
 1.301094517e-02 1.013327111e-02 7.095687557e-03 3.931694198e-03 6.795520894e-04
-2.618107479e-03-5.914870650e-03-9.161300026e-03-1.230583340e-02-1.529578213e-02
-1.807835884e-02-2.060168423e-02-2.281568386e-02-2.467286214e-02-2.612886392e-02
-2.714283019e-02-2.767755091e-02-2.769943327e-02-2.717833407e-02-2.608736604e-02
-2.440276742e-02-2.210397460e-02-1.917405613e-02-1.560069155e-02-1.137788873e-02
-6.508655846e-03-1.008720952e-03 5.088570062e-03 1.172578707e-02 1.881425641e-02
 2.622612938e-02 3.395179287e-02 4.201807082e-02 5.046733841e-02 5.936535448e-02
 6.881143153e-02 7.895602286e-02 9.002988786e-02 1.023934260e-01 1.166115478e-01
 1.335780919e-01 1.481503248e-01 1.570536941e-01 1.605670750e-01 1.585941613e-01
 1.508142054e-01 1.414228529e-01 1.346755922e-01 1.295351386e-01 1.254619956e-01
 1.221309751e-01 1.193350777e-01 1.169364378e-01 1.148397028e-01 1.129769012e-01
 5.080556031e-03 1.150969043e-02 2.030356415e-02 2.598496154e-02 2.536878735e-02
 2.370948903e-02 2.178543806e-02 1.959384233e-02 1.713518612e-02 1.442406140e-02
 1.148002688e-02 8.327887394e-03 4.997819196e-03 1.525340253e-03-2.048934344e-03
-5.679745693e-03-9.317865595e-03-1.291096397e-02-1.640463434e-02-1.974352077e-02
-2.287247591e-02-2.573767491e-02-2.828761004e-02-3.047390468e-02-3.225188702e-02
-3.358089924e-02-3.442435712e-02-3.474954516e-02-3.452722728e-02-3.373117745e-02
-3.233766928e-02-3.032510728e-02-2.767396905e-02-2.436716668e-02-2.039111406e-02
-1.573766395e-02-1.040718146e-02-4.412963521e-03 2.212987980e-03 9.412608109e-03
 1.709275879e-02 2.511972934e-02 3.344666213e-02 4.211016744e-02 5.116261169e-02
 6.068032980e-02 7.077243179e-02 8.159549534e-02 9.337864071e-02 1.064849570e-01
 1.217795089e-01 1.349692494e-01 1.434827596e-01 1.476142555e-01 1.472243965e-01
 1.416268796e-01 1.342218667e-01 1.288606524e-01 1.246749908e-01 1.213045269e-01
 1.185227856e-01 1.161765009e-01 1.141582727e-01 1.123909429e-01 1.108179763e-01
 5.046369974e-03 1.143207774e-02 2.018021978e-02 2.578335628e-02 2.505202778e-02
 2.326087281e-02 2.118390240e-02 1.881557330e-02 1.615983807e-02 1.323181856e-02
 1.005198993e-02 6.646438502e-03 3.047001781e-03-7.087935228e-04-4.578009713e-03
-8.512821048e-03-1.246127952e-02-1.636829227e-02-2.017677389e-02-2.382891066e-02
-2.726744302e-02-3.043689765e-02-3.328467160e-02-3.576190397e-02-3.782407194e-02
-3.943127766e-02-4.054821283e-02-4.114386067e-02-4.119092599e-02-4.066512734e-02
-3.954442590e-02-3.780832514e-02-3.543739766e-02-3.241317719e-02-2.871868759e-02
-2.433976531e-02-1.926746592e-02-1.350179408e-02-7.057047915e-03 3.117989399e-05
 7.697476074e-03 1.583602466e-02 2.429240942e-02 3.297165409e-02 4.189067334e-02
 5.106722191e-02 6.051712111e-02 7.024128735e-02 8.019643277e-02 9.022569656e-02
 9.992017597e-02 1.084632799e-01 1.150790304e-01 1.193938777e-01 1.213598326e-01
 1.212846711e-01 1.199461073e-01 1.181522086e-01 1.163066998e-01 1.145662218e-01
 1.129755974e-01 1.115349904e-01 1.102283821e-01 1.090354174e-01 1.079362407e-01
 5.015066359e-03 1.136082225e-02 2.003980242e-02 2.556712739e-02 2.475574054e-02
 2.285019495e-02 2.063733712e-02 1.811085083e-02 1.527864113e-02 1.215655264e-02
 8.766034618e-03 5.134467036e-03 1.295303227e-03-2.711997833e-03-6.842290983e-03
-1.104533207e-02-1.526663452e-02-1.944855228e-02-2.353155985e-02-2.745563723e-02
-3.116168641e-02-3.459286317e-02-3.769576177e-02-4.042133316e-02-4.272552207e-02
-4.456952214e-02-4.591971263e-02-4.674724489e-02-4.702737182e-02-4.673855379e-02
-4.586150870e-02-4.437825456e-02-4.227134585e-02-3.952343017e-02-3.611735255e-02
-3.203698248e-02-2.726906724e-02-2.180635557e-02-1.565227285e-02-8.827427402e-03
-1.378064742e-03 6.613882259e-03 1.501878910e-02 2.364942245e-02 3.235476464e-02
 4.111136496e-02 4.987893999e-02 5.859130248e-02 6.714010984e-02 7.535733283e-02
 8.300640434e-02 8.982152492e-02 9.555673599e-02 1.000550762e-01 1.032960117e-01
 1.054001749e-01 1.065859571e-01 1.071066037e-01 1.071920246e-01 1.070085615e-01
 1.066648811e-01 1.062276438e-01 1.057360396e-01 1.052123457e-01 1.046688035e-01
 4.987560213e-03 1.129817497e-02 1.993918419e-02 2.540226281e-02 2.449599653e-02
 2.249142900e-02 2.016150951e-02 1.749925315e-02 1.451565512e-02 1.122719608e-02
 7.656248286e-03 3.831399139e-03-2.124005696e-04-4.433922470e-03-8.786018007e-03
-1.321627013e-02-1.766792499e-02-2.208107896e-02-2.639407106e-02-3.054498509e-02
-3.447316960e-02-3.812067583e-02-4.143353552e-02-4.436271638e-02-4.686478153e-02
-4.890216887e-02-5.044305697e-02-5.146091431e-02-5.193372071e-02-5.184296891e-02
-5.117256194e-02-4.990771040e-02-4.803393036e-02-4.553638771e-02-4.239967465e-02
-3.860826418e-02-3.414790705e-02-2.900816314e-02-2.318645082e-02-1.669380628e-02
-9.562586434e-03-1.856119372e-03 6.320296321e-03 1.480733976e-02 2.338250168e-02
 3.185577318e-02 4.017685726e-02 4.827911779e-02 5.607748032e-02 6.346791238e-02
 7.033353299e-02 7.655436546e-02 8.203007281e-02 8.669915050e-02 9.054984897e-02
 9.362179041e-02 9.599837661e-02 9.778709710e-02 9.909802675e-02 1.000321880e-01
 1.006738394e-01 1.010891721e-01 1.013283357e-01 1.014286131e-01 1.014175937e-01
 4.964828026e-03 1.124640834e-02 1.983686537e-02 2.524458803e-02 2.428180538e-02
 2.219591103e-02 1.976965368e-02 1.699766703e-02 1.389150694e-02 1.046831906e-02
 6.751328707e-03 2.770196879e-03-1.438823063e-03-5.832983647e-03-1.036343165e-02
-1.497591101e-02-1.961176470e-02-2.420921065e-02-2.870482393e-02-3.303513303e-02
-3.713825345e-02-4.095538706e-02-4.443217814e-02-4.751972109e-02-5.017523468e-02
-5.236233771e-02-5.405090004e-02-5.521653965e-02-5.583977327e-02-5.590495467e-02
-5.539906397e-02-5.431048200e-02-5.262786150e-02-5.033930019e-02-4.743187502e-02
-4.389183596e-02-3.970558569e-02-3.486176208e-02-2.935462631e-02-2.318905666e-02
-1.638736948e-02-8.997927420e-03-1.105376636e-03 7.158503868e-03 1.560436469e-02
 2.397932112e-02 3.209893778e-02 3.991515562e-02 4.737267643e-02 5.441087857e-02
 6.096741185e-02 6.698495150e-02 7.241732627e-02 7.723610103e-02 8.143531531e-02
 8.503226936e-02 8.806396276e-02 9.058175236e-02 9.264510870e-02 9.431466460e-02
 9.564775974e-02 9.669576585e-02 9.750305861e-02 9.810709208e-02 9.853902459e-02
 4.947649781e-03 1.120730769e-02 1.977529190e-02 2.514361590e-02 2.412039228e-02
 2.197336033e-02 1.947488450e-02 1.662096940e-02 1.342345774e-02 9.899958968e-03
 6.074344274e-03 1.977104228e-03-2.354497090e-03-6.876533851e-03-1.153883617e-02
-1.628573053e-02-2.105710469e-02-2.578973956e-02-3.041887842e-02-3.487988561e-02
-3.910996020e-02-4.304970056e-02-4.664450139e-02-4.984561354e-02-5.261082202e-02
-5.490472540e-02-5.669857562e-02-5.796971917e-02-5.870074406e-02-5.887832865e-02
-5.849197879e-02-5.753272027e-02-5.599189177e-02-5.386018008e-02-5.112701282e-02
-4.778053239e-02-4.380830377e-02-3.919897601e-02-3.394519165e-02-2.804791182e-02
-2.152241394e-02-1.440600492e-02-6.767262705e-03 1.283788355e-03 9.585973807e-03
 1.791943610e-02 2.600506321e-02 3.373126313e-02 4.106708616e-02 4.797933623e-02
 5.443516001e-02 6.040496379e-02 6.586588919e-02 7.080467045e-02 7.521934807e-02
 7.911981642e-02 8.252709359e-02 8.547115326e-02 8.798807114e-02 9.011733532e-02
 9.189926833e-02 9.337306768e-02 9.457544237e-02 9.553991258e-02 9.629651904e-02
 4.936573096e-03 1.118209958e-02 1.972374693e-02 2.506479062e-02 2.401651070e-02
 2.183049358e-02 1.928592287e-02 1.637979783e-02 1.312413905e-02 9.536855854e-03
 5.642238073e-03 1.471321797e-03-2.937964397e-03-7.540919818e-03-1.228650939e-02
-1.711813360e-02-2.197472937e-02-2.679214627e-02-3.150476143e-02-3.604719788e-02
-4.035606608e-02-4.437159002e-02-4.803903028e-02-5.130975321e-02-5.414193869e-02
-5.650084838e-02-5.835865065e-02-5.969386548e-02-6.049044058e-02-6.073660776e-02
-6.042356044e-02-5.954410508e-02-5.809139833e-02-5.605790764e-02-5.343471095e-02
-5.021134019e-02-4.637629911e-02-4.191848636e-02-3.682975471e-02-3.110880032e-02
-2.476662770e-02-1.783364639e-02-1.036831737e-02-2.466820646e-03 5.727213342e-03
 1.401473768e-02 2.213700488e-02 2.986128256e-02 3.717350960e-02 4.405661300e-02
 5.049298704e-02 5.646688491e-02 6.196647510e-02 6.698558480e-02 7.152485847e-02
 7.559225708e-02 7.920277119e-02 8.237763494e-02 8.514302969e-02 8.752857149e-02
 8.956580609e-02 9.128683060e-02 9.272319078e-02 9.390505403e-02 9.486066550e-02
 4.931943025e-03 1.117154863e-02 1.971012354e-02 2.504097857e-02 2.397296578e-02
 2.177133784e-02 1.920808479e-02 1.628075168e-02 1.300146151e-02 9.388264269e-03
 5.465641618e-03 1.264867838e-03-3.175839083e-03-7.811443880e-03-1.259054057e-02
-1.745613478e-02-2.234675363e-02-2.719786018e-02-3.194346279e-02-3.651786968e-02
-4.085744917e-02-4.490227252e-02-4.859753698e-02-5.189466849e-02-5.475200713e-02
-5.713509023e-02-5.901646987e-02-6.037513539e-02-6.119559705e-02-6.146671996e-02
-6.118037552e-02-6.033009291e-02-5.890975893e-02-5.691255629e-02-5.433023348e-02
-5.115287751e-02-4.736937582e-02-4.296875000e-02-3.794254735e-02-3.228859976e-02
-2.601625584e-02-1.915322989e-02-1.175398193e-02-3.909154329e-03 4.244916141e-03
 1.251827087e-02 2.066361718e-02 2.839871123e-02 3.571399674e-02 4.259748012e-02
 4.903658852e-02 5.502006784e-02 6.053970009e-02 6.559171528e-02 7.017777860e-02
 7.430544496e-02 7.798811048e-02 8.124451339e-02 8.409778774e-02 8.657444268e-02
 8.870310336e-02 9.051340818e-02 9.203498811e-02 9.329669178e-02 9.432592988e-02
 4.933946300e-03 1.117608789e-02 1.971480437e-02 2.504959144e-02 2.399160154e-02
 2.179792896e-02 1.924373955e-02 1.632661931e-02 1.305868477e-02 9.457950480e-03
 5.548840854e-03 1.362552983e-03-3.062797012e-03-7.682295982e-03-1.244467590e-02
-1.729309373e-02-2.216623724e-02-2.699972130e-02-3.172770143e-02-3.628461435e-02
-4.060692340e-02-4.463476315e-02-4.831334576e-02-5.159406364e-02-5.443517491e-02
-5.680207163e-02-5.866711214e-02-6.000903994e-02-6.081206352e-02-6.106470525e-02
-6.075846031e-02-5.988644436e-02-5.844211206e-02-5.641820654e-02-5.380605534e-02
-5.059536919e-02-4.677475616e-02-4.233309254e-02-3.726204112e-02-3.155988082e-02
-2.523690462e-02-1.832243428e-02-1.087337825e-02-2.983853687e-03 5.205148365e-03
 1.349778287e-02 2.163944393e-02 2.937769517e-02 3.670011461e-02 4.359142482e-02
 5.003578588e-02 5.601894855e-02 6.153029576e-02 6.656449288e-02 7.112255692e-02
 7.521231472e-02 7.884831727e-02 8.205104619e-02 8.484574407e-02 8.726109564e-02
 8.932777494e-02 9.107718617e-02 9.254035354e-02 9.374708682e-02 9.472543746e-02
 4.942568950e-03 1.119571179e-02 1.975226961e-02 2.510778233e-02 2.407274954e-02
 2.190988697e-02 1.939213090e-02 1.651630737e-02 1.329438481e-02 9.744161740e-03
 5.889756139e-03 1.761968830e-03-2.601570217e-03-7.156518754e-03-1.185224950e-02
-1.663261093e-02-2.143700235e-02-2.620173804e-02-3.086162359e-02-3.535166010e-02
-3.960874677e-02-4.357329383e-02-4.719061777e-02-5.041198805e-02-5.319534615e-02
-5.550553650e-02-5.731416494e-02-5.859902874e-02-5.934320390e-02-5.953393131e-02
-5.916129425e-02-5.821690336e-02-5.669266731e-02-5.457979068e-02-5.186814442e-02
-4.854619503e-02-4.460164160e-02-4.002304748e-02-3.480260447e-02-2.894039452e-02
-2.245022357e-02-1.536722947e-02-7.757004816e-03 2.742843062e-04 8.570036851e-03
 1.691544987e-02 2.503475733e-02 3.278141841e-02 4.012957960e-02 4.705047607e-02
 5.351522565e-02 5.949804559e-02 6.497903913e-02 6.994671375e-02 7.439980656e-02
 7.834777236e-02 8.180996031e-02 8.481403440e-02 8.739375323e-02 8.958631754e-02
 9.143009782e-02 9.296277165e-02 9.422004968e-02 9.523484856e-02 9.603697062e-02
 4.957551602e-03 1.122981217e-02 1.981304400e-02 2.520385198e-02 2.421353385e-02
 2.210392989e-02 1.964911632e-02 1.684468798e-02 1.370237488e-02 1.023958810e-02
 6.479914766e-03 2.453466645e-03-1.802970190e-03-6.246041972e-03-1.082623284e-02
-1.548858639e-02-2.017373592e-02-2.481921203e-02-2.936095372e-02-3.373493999e-02
-3.787885234e-02-4.173360020e-02-4.524468258e-02-4.836322367e-02-5.104663223e-02
-5.325887352e-02-5.497030914e-02-5.615716800e-02-5.680067465e-02-5.688595399e-02
-5.640078709e-02-5.533435196e-02-5.367607996e-02-5.141473562e-02-4.853794724e-02
-4.503230751e-02-4.088429362e-02-3.608221561e-02-3.061949648e-02-2.449951135e-02
-1.774222031e-02-1.039263885e-02-2.530873753e-03 5.716939457e-03 1.416829787e-02
 2.257739566e-02 3.071537614e-02 3.853571415e-02 4.598781466e-02 5.301713943e-02
 5.956864730e-02 6.559119374e-02 7.104432583e-02 7.590368390e-02 8.016414940e-02
 8.384057879e-02 8.696608245e-02 8.958704025e-02 9.175698459e-02 9.353176504e-02
 9.496521950e-02 9.610647708e-02 9.699873626e-02 9.767902642e-02 9.817863256e-02
 4.978427663e-03 1.127732638e-02 1.989733055e-02 2.533728629e-02 2.440965362e-02
 2.237428725e-02 2.000726201e-02 1.730262861e-02 1.427171286e-02 1.093137451e-02
 7.304465398e-03 3.420154797e-03-6.859228597e-04-4.971765447e-03-9.389378130e-03
-1.388544776e-02-1.840231195e-02-2.287918329e-02-2.725357562e-02-3.146285564e-02
-3.544579446e-02-3.914404288e-02-4.250341654e-02-4.547488317e-02-4.801521450e-02
-5.008724332e-02-5.165973306e-02-5.270687491e-02-5.320748314e-02-5.314397439e-02
-5.250118673e-02-5.126524344e-02-4.942251369e-02-4.695886001e-02-4.385936633e-02
-4.010869563e-02-3.569236398e-02-3.059916198e-02-2.482503094e-02-1.837865263e-02
-1.128899585e-02-3.614747431e-03 4.544564988e-03 1.303692628e-02 2.164749615e-02
 3.013409860e-02 3.844387457e-02 4.651298001e-02 5.426157266e-02 6.159432977e-02
 6.840569526e-02 7.459409535e-02 8.007454872e-02 8.479367197e-02 8.874098957e-02
 9.195008874e-02 9.448954463e-02 9.645046294e-02 9.793224186e-02 9.902783483e-02
 9.981689602e-02 1.003637388e-01 1.007184535e-01 1.009192690e-01 1.009951979e-01
 5.004553124e-03 1.133678854e-02 2.000658028e-02 2.550870180e-02 2.465517446e-02
 2.271260321e-02 2.045530081e-02 1.787688769e-02 1.498678140e-02 1.180124469e-02
 8.342285641e-03 4.637964070e-03 7.225343143e-04-3.363636322e-03-7.574405987e-03
-1.185847633e-02-1.616027951e-02-2.042111568e-02-2.458046749e-02-2.857744321e-02
-3.235222772e-02-3.584745526e-02-3.900942579e-02-4.178902879e-02-4.414238036e-02
-4.603108019e-02-4.742209986e-02-4.828736559e-02-4.860300198e-02-4.834841937e-02
-4.750529304e-02-4.605652764e-02-4.398542643e-02-4.127517343e-02-3.790881112e-02
-3.386997804e-02-2.914460003e-02-2.372387238e-02-1.760877483e-02-1.081643626e-02
-3.388392506e-03 4.599065986e-03 1.302352548e-02 2.170435153e-02 3.043221310e-02
 3.917605802e-02 4.789240286e-02 5.651213229e-02 6.492801011e-02 7.298296690e-02
 8.047184348e-02 8.715981245e-02 9.284383059e-02 9.740128368e-02 1.008124202e-01
 1.031651124e-01 1.046391055e-01 1.054534316e-01 1.058078557e-01 1.058586091e-01
 1.057139486e-01 1.054439396e-01 1.050923169e-01 1.046858132e-01 1.042405814e-01
 5.035120994e-03 1.140635833e-02 2.012707293e-02 2.570093609e-02 2.494244277e-02
 2.310884744e-02 2.098022401e-02 1.855132543e-02 1.582800969e-02 1.282595657e-02
 9.566283785e-03 6.075840443e-03 2.387346467e-03-1.460666419e-03-5.424153991e-03
-9.454112500e-03-1.349738054e-02-1.749766804e-02-2.139675803e-02-2.513582073e-02
-2.865674905e-02-3.190342337e-02-3.482283652e-02-3.736597300e-02-3.948840126e-02
-4.115056247e-02-4.231768474e-02-4.295945540e-02-4.304938391e-02-4.256403819e-02
-4.148218781e-02-3.978401795e-02-3.745054081e-02-3.446341679e-02-3.080530651e-02
-2.646107599e-02-2.142002806e-02-1.567950100e-02-9.250004776e-03-2.162116580e-03
 5.524638109e-03 1.371204760e-02 2.225144021e-02 3.098736331e-02 3.992726281e-02
 4.908117279e-02 5.845255405e-02 6.802564114e-02 7.773490995e-02 8.739351481e-02
 9.655808657e-02 1.045961827e-01 1.109590605e-01 1.153421327e-01 1.177068725e-01
 1.182958409e-01 1.176282093e-01 1.163438186e-01 1.148852035e-01 1.134409159e-01
 1.120794117e-01 1.108185053e-01 1.096549630e-01 1.085775420e-01 1.075728983e-01
 5.069202743e-03 1.148391422e-02 2.027178183e-02 2.592672966e-02 2.526221052e-02
 2.355140075e-02 2.156758308e-02 1.930714026e-02 1.677209139e-02 1.397752203e-02
 1.094361860e-02 7.695950102e-03 4.265610594e-03 6.891701487e-04-2.991580870e-03
-6.730121560e-03-1.047591493e-02-1.417532284e-02-1.777269132e-02-2.121152356e-02
-2.443569526e-02-2.739060670e-02-3.002421185e-02-3.228784353e-02-3.413679451e-02
-3.553059697e-02-3.643304855e-02-3.681196645e-02-3.663871810e-02-3.588765860e-02
-3.453554586e-02-3.256105259e-02-2.994458191e-02-2.666849084e-02-2.271801233e-02
-1.808303222e-02-1.276100334e-02-6.761161145e-03-1.103001850e-04 7.139843423e-03
 1.490478218e-02 2.305650525e-02 3.148959950e-02 4.023446888e-02 4.933861271e-02
 5.886881426e-02 6.891892850e-02 7.961972058e-02 9.115532041e-02 1.038009301e-01
 1.177478135e-01 1.296559572e-01 1.376499385e-01 1.418653578e-01 1.421769708e-01
 1.381406933e-01 1.322141439e-01 1.274286062e-01 1.236120090e-01 1.204945892e-01
 1.178954169e-01 1.156866178e-01 1.137756258e-01 1.120943278e-01 1.105918959e-01
 5.105812568e-03 1.156723965e-02 2.041359991e-02 2.615417540e-02 2.560656890e-02
 2.402766980e-02 2.220013551e-02 2.012201399e-02 1.779158786e-02 1.522314455e-02
 1.243585069e-02 9.453959763e-03 6.306911353e-03 3.029273357e-03-3.394835512e-04
-3.755416023e-03-7.170735858e-03-1.053461898e-02-1.379416045e-02-1.689542085e-02
-1.978451572e-02-2.240864560e-02-2.471704595e-02-2.666175924e-02-2.819819748e-02
-2.928547375e-02-2.988651767e-02-2.996796370e-02-2.949992381e-02-2.845568582e-02
-2.681146748e-02-2.454635501e-02-2.164261416e-02-1.808650233e-02-1.386986114e-02
-8.992590941e-03-3.466302296e-03 2.680632519e-03 9.396925569e-03 1.660135388e-02
 2.417340502e-02 3.204857185e-02 4.025249556e-02 4.882825911e-02 5.784086138e-02
 6.738838553e-02 7.761837542e-02 8.875513077e-02 1.011440754e-01 1.153166816e-01
 1.316577047e-01 1.455644667e-01 1.542509198e-01 1.579745710e-01 1.566579193e-01
 1.498305351e-01 1.410496682e-01 1.343705058e-01 1.292782724e-01 1.252476126e-01
 1.219564304e-01 1.191982627e-01 1.168351769e-01 1.147717014e-01 1.129397973e-01
 5.143865477e-03 1.165388059e-02 2.057775855e-02 2.640944347e-02 2.596418746e-02
 2.452254482e-02 2.285750583e-02 2.096842788e-02 1.885467023e-02 1.652552001e-02
 1.399947982e-02 1.129968744e-02 8.454040624e-03 5.495170597e-03 2.460258082e-03
-6.093372358e-04-3.668618621e-03-6.669657305e-03-9.562427178e-03-1.229572762e-02
-1.481814589e-02-1.707898639e-02-1.902914047e-02-2.062180266e-02-2.181305736e-02
-2.256226540e-02-2.283229306e-02-2.258960716e-02-2.180430479e-02-2.045015246e-02
-1.850477234e-02-1.595010795e-02-1.277331542e-02-8.968284354e-03-4.537925590e-03
 5.025040591e-04 6.121065933e-03 1.226427872e-02 1.885033213e-02 2.575594746e-02
 3.295722976e-02 4.045994580e-02 4.828023538e-02 5.644629151e-02 6.500351429e-02
 7.402096689e-02 8.360125870e-02 9.389591217e-02 1.051330045e-01 1.176831052e-01
 1.319302469e-01 1.439328492e-01 1.512769610e-01 1.540550590e-01 1.514298022e-01
 1.456170231e-01 1.399576813e-01 1.348015666e-01 1.304751337e-01 1.268132925e-01
 1.236717626e-01 1.209381521e-01 1.185269356e-01 1.163732111e-01 1.144274622e-01
 5.182152148e-03 1.174108963e-02 2.072336338e-02 2.664496191e-02 2.632536925e-02
 2.502157912e-02 2.352017537e-02 2.182216011e-02 1.992910169e-02 1.784495451e-02
 1.558736339e-02 1.317830943e-02 1.064419281e-02 8.015780710e-03 5.328031257e-03
 2.619769424e-03-6.678521459e-05-2.686628839e-03-5.192700773e-03-7.536690682e-03
-9.669888765e-03-1.154402550e-02-1.311206352e-02-1.432890259e-02-1.515197009e-02
-1.554170530e-02-1.546193287e-02-1.488018688e-02-1.376804803e-02-1.210158691e-02
-9.862029925e-03-7.036793046e-03-3.621030366e-03 3.800990235e-04 4.948335700e-03
 1.004857384e-02 1.562390663e-02 2.159016766e-02 2.785111964e-02 3.439691290e-02
 4.121563584e-02 4.829769582e-02 5.563620105e-02 6.322800368e-02 7.107387483e-02
 7.917769998e-02 8.754278719e-02 9.616090357e-02 1.049837545e-01 1.138458923e-01
 1.222827211e-01 1.294412911e-01 1.345514208e-01 1.372606158e-01 1.376433223e-01
 1.363094896e-01 1.340341717e-01 1.313653290e-01 1.286389530e-01 1.260005385e-01
 1.235074475e-01 1.211760193e-01 1.190036610e-01 1.169796437e-01 1.150903925e-01
 5.219355691e-03 1.182588469e-02 2.088746801e-02 2.689886652e-02 2.667739987e-02
 2.550796419e-02 2.416612953e-02 2.265469171e-02 2.097725868e-02 1.913781464e-02
 1.714873128e-02 1.503116544e-02 1.281024981e-02 1.051505003e-02 8.178427815e-03
 5.836763419e-03 3.529551206e-03 1.298867399e-03-8.112595533e-04-2.755557187e-03
-4.488262814e-03-5.963884760e-03-7.137943525e-03-7.967663929e-03-8.412607946e-03
-8.435254917e-03-8.001551963e-03-7.081488147e-03-5.649757572e-03-3.686615732e-03
-1.179039129e-03 1.877648290e-03 5.477585364e-03 9.601683356e-03 1.421410870e-02
 1.925825886e-02 2.464253083e-02 3.033829667e-02 3.632252663e-02 4.257246479e-02
 4.906231910e-02 5.576321110e-02 6.264273822e-02 6.966404617e-02 7.678448409e-02
 8.395298570e-02 9.110499173e-02 9.815333784e-02 1.049733832e-01 1.113850921e-01
 1.171463057e-01 1.219940111e-01 1.257017851e-01 1.281512082e-01 1.293775588e-01
 1.295436919e-01 1.288892627e-01 1.276696324e-01 1.260955930e-01 1.243235543e-01
 1.224599630e-01 1.205735877e-01 1.187071279e-01 1.168859303e-01 1.151240841e-01
 5.254055373e-03 1.190503407e-02 2.101542987e-02 2.710946649e-02 2.700690180e-02
 2.596407942e-02 2.477270737e-02 2.343765646e-02 2.196468413e-02 2.036020346e-02
 1.863143593e-02 1.679765433e-02 1.488275453e-02 1.291420497e-02 1.092286780e-02
 8.942762390e-03 7.010696456e-03 5.165811628e-03 3.449023468e-03 1.902396092e-03
 5.684673088e-04-5.104534794e-04-1.292990753e-03-1.739399857e-03-1.812253613e-03
-1.477133948e-03-7.033593720e-04 5.352005246e-04 2.259136876e-03 4.482232034e-03
 7.209831849e-03 1.043685991e-02 1.414515171e-02 1.830038801e-02 2.284276858e-02
 2.773375064e-02 3.295676038e-02 3.849068284e-02 4.431004077e-02 5.038359016e-02
 5.667347461e-02 6.313379854e-02 6.970927864e-02 7.633411139e-02 8.293092996e-02
 8.941069245e-02 9.567513317e-02 1.016206741e-01 1.071398482e-01 1.121205315e-01
 1.164512783e-01 1.200315356e-01 1.227922514e-01 1.247121096e-01 1.258220822e-01
 1.262037456e-01 1.259721071e-01 1.252535135e-01 1.241716370e-01 1.228345633e-01
 1.213303357e-01 1.197268665e-01 1.180745140e-01 1.164093539e-01 1.147564799e-01
 5.284717772e-03 1.197511610e-02 2.115664817e-02 2.732554823e-02 2.730121277e-02
 2.637199685e-02 2.531659417e-02 2.414170280e-02 2.285512164e-02 2.146537043e-02
 1.998171769e-02 1.841618679e-02 1.679169387e-02 1.513420697e-02 1.347269956e-02
 1.183888782e-02 1.026691869e-02 8.792951703e-03 7.454670966e-03 6.290716119e-03
 5.340069067e-03 4.641393200e-03 4.232346546e-03 4.148867447e-03 4.424430430e-03
 5.089244805e-03 6.169366185e-03 7.685636636e-03 9.652430192e-03 1.207619254e-02
 1.495341863e-02 1.826854423e-02 2.198699303e-02 2.608138695e-02 3.054694831e-02
 3.537212685e-02 4.054281861e-02 4.603993893e-02 5.183796212e-02 5.790310353e-02
 6.419076771e-02 7.064303756e-02 7.718631625e-02 8.372984082e-02 9.016530216e-02
 9.636098891e-02 1.021452248e-01 1.073919609e-01 1.120444611e-01 1.160384193e-01
 1.193249524e-01 1.218859330e-01 1.237341389e-01 1.249084845e-01 1.254702955e-01
 1.254956424e-01 1.250689030e-01 1.242764294e-01 1.232000515e-01 1.219132766e-01
 1.204790026e-01 1.189488769e-01 1.173638999e-01 1.157555878e-01 1.141474992e-01
 5.309541244e-03 1.203214377e-02 2.124376409e-02 2.747566439e-02 2.754684910e-02
 2.671281621e-02 2.577341907e-02 2.473704331e-02 2.361330017e-02 2.241261490e-02
 2.114623785e-02 1.982629858e-02 1.846887916e-02 1.709864661e-02 1.574272476e-02
 1.443055551e-02 1.319358498e-02 1.206489466e-02 1.107875537e-02 1.027010754e-02
 9.673986584e-03 9.324887767e-03 9.256089106e-03 9.498911910e-03 1.008190867e-02
 1.102995593e-02 1.236323547e-02 1.409612224e-02 1.623563841e-02 1.878011413e-02
 2.171329036e-02 2.502529509e-02 2.872108482e-02 3.280077502e-02 3.726414591e-02
 4.210853949e-02 4.732799903e-02 5.291199684e-02 5.884344503e-02 6.509561837e-02
 7.162801176e-02 7.838086039e-02 8.526867628e-02 9.217442572e-02 9.894774109e-02
 1.054108739e-01 1.111986190e-01 1.161000207e-01 1.201654077e-01 1.233240366e-01
 1.255789548e-01 1.270001531e-01 1.276984513e-01 1.278019547e-01 1.274308115e-01
 1.266884953e-01 1.256604940e-01 1.244164929e-01 1.230135933e-01 1.214986444e-01
 1.199100018e-01 1.182787493e-01 1.166296974e-01 1.149822921e-01 1.133513823e-01
 5.326183047e-03 1.207085978e-02 2.133177221e-02 2.760853991e-02 2.772262506e-02
 2.696250938e-02 2.611528523e-02 2.519140393e-02 2.420241758e-02 2.316051722e-02
 2.207858302e-02 2.097027376e-02 1.985017210e-02 1.873656549e-02 1.765477657e-02
 1.663188636e-02 1.569653675e-02 1.487855893e-02 1.420856640e-02 1.371746697e-02
 1.343591232e-02 1.339368243e-02 1.361899544e-02 1.413774490e-02 1.497266535e-02
 1.614229940e-02 1.765994169e-02 1.953259483e-02 2.175568603e-02 2.433512174e-02
 2.728105150e-02 3.060166538e-02 3.430634737e-02 3.840481490e-02 4.290679097e-02
 4.782149941e-02 5.315696076e-02 5.891920626e-02 6.511069089e-02 7.172823697e-02
 7.875803113e-02 8.616648614e-02 9.388478100e-02 1.017845944e-01 1.096482351e-01
 1.171602681e-01 1.237128228e-01 1.288798451e-01 1.326100826e-01 1.348138303e-01
 1.356056929e-01 1.352759153e-01 1.341913342e-01 1.326576471e-01 1.308841854e-01
 1.289950013e-01 1.270590872e-01 1.251141429e-01 1.231812984e-01 1.212731749e-01
 1.193980500e-01 1.175618991e-01 1.157692447e-01 1.140235737e-01 1.123274788e-01
 5.331548862e-03 1.208444033e-02 2.134538628e-02 2.764381096e-02 2.780616842e-02
 2.709321119e-02 2.630954981e-02 2.546814270e-02 2.458241582e-02 2.366608009e-02
 2.273322083e-02 2.179842070e-02 2.087692544e-02 1.998484693e-02 1.914092153e-02
 1.836981252e-02 1.769716479e-02 1.714932919e-02 1.675296575e-02 1.653458178e-02
 1.651999168e-02 1.673373207e-02 1.719835401e-02 1.793368161e-02 1.895611919e-02
 2.027671598e-02 2.189851552e-02 2.383733355e-02 2.610488981e-02 2.871272527e-02
 3.167317063e-02 3.499946743e-02 3.870702535e-02 4.281502217e-02 4.734771699e-02
 5.233012512e-02 5.778741837e-02 6.374423206e-02 7.023037225e-02 7.728426158e-02
 8.495219797e-02 9.328459203e-02 1.023262739e-01 1.120889410e-01 1.224643514e-01
 1.328922361e-01 1.419791877e-01 1.485526413e-01 1.521781683e-01 1.527507305e-01
 1.505157501e-01 1.465433389e-01 1.422528327e-01 1.382318437e-01 1.345871538e-01
 1.313008815e-01 1.283240467e-01 1.256053150e-01 1.230998039e-01 1.207709759e-01
 1.185901687e-01 1.165352762e-01 1.145894080e-01 1.127396375e-01 1.109760031e-01
 5.321201868e-03 1.206319686e-02 2.132669091e-02 2.761809528e-02 2.776629850e-02
 2.706679888e-02 2.631380409e-02 2.552211657e-02 2.470669523e-02 2.388217859e-02
 2.306324616e-02 2.226475626e-02 2.150187641e-02 2.079025842e-02 2.014628053e-02
 1.958760433e-02 1.913673989e-02 1.881626993e-02 1.864857972e-02 1.865540445e-02
 1.885732450e-02 1.927324198e-02 1.991946064e-02 2.080781572e-02 2.195181325e-02
 2.336585335e-02 2.506234124e-02 2.705427445e-02 2.935449779e-02 3.197597340e-02
 3.493214026e-02 3.823712468e-02 4.190489277e-02 4.598713666e-02 5.051278323e-02
 5.549098551e-02 6.096005440e-02 6.701424718e-02 7.366838306e-02 8.099950105e-02
 8.912420273e-02 9.820249677e-02 1.084632277e-01 1.202493683e-01 1.341136694e-01
 1.508883387e-01 1.649786085e-01 1.736307591e-01 1.771899760e-01 1.755055636e-01
 1.678399742e-01 1.566920877e-01 1.482955068e-01 1.417592764e-01 1.364717036e-01
 1.320645064e-01 1.283008605e-01 1.250208318e-01 1.221125871e-01 1.194959357e-01
 1.171122566e-01 1.149180755e-01 1.128807664e-01 1.109755710e-01 1.091834977e-01
 5.288335960e-03 1.199216675e-02 2.119714394e-02 2.743602730e-02 2.755090222e-02
 2.682306431e-02 2.606634423e-02 2.529386058e-02 2.451825514e-02 2.375449054e-02
 2.301771566e-02 2.232263982e-02 2.168362029e-02 2.111496404e-02 2.063123137e-02
 2.024750412e-02 1.997964084e-02 1.984593272e-02 1.986423507e-02 2.005116083e-02
 2.042126656e-02 2.098844945e-02 2.176703140e-02 2.277006768e-02 2.401020937e-02
 2.549994737e-02 2.725152858e-02 2.927720919e-02 3.158947080e-02 3.420124575e-02
 3.712613136e-02 4.037850350e-02 4.397319257e-02 4.797118902e-02 5.239360407e-02
 5.725144967e-02 6.258532405e-02 6.849754602e-02 7.501226664e-02 8.220914751e-02
 9.021832794e-02 9.922161698e-02 1.094838530e-01 1.214057952e-01 1.356106997e-01
 1.529221982e-01 1.671392173e-01 1.754627973e-01 1.781886369e-01 1.751564294e-01
 1.665464789e-01 1.552070230e-01 1.466682255e-01 1.399465054e-01 1.344842166e-01
 1.299318373e-01 1.260558367e-01 1.226944625e-01 1.197325885e-01 1.170863211e-01
 1.146934032e-01 1.125069037e-01 1.104910374e-01 1.086181849e-01 1.068668142e-01
 5.221826956e-03 1.184876263e-02 2.096747607e-02 2.709449455e-02 2.704447880e-02
 2.623576112e-02 2.549149655e-02 2.471395209e-02 2.394925989e-02 2.321888134e-02
 2.253872529e-02 2.192224003e-02 2.138166316e-02 2.092877030e-02 2.057533711e-02
 2.033341303e-02 2.021543682e-02 2.023431100e-02 2.040294372e-02 2.073390037e-02
 2.123920806e-02 2.193047851e-02 2.281906642e-02 2.391598374e-02 2.523201145e-02
 2.677782252e-02 2.856412344e-02 3.060183115e-02 3.290226683e-02 3.547740355e-02
 3.834024072e-02 4.150535539e-02 4.499022663e-02 4.881876335e-02 5.302283540e-02
 5.763245746e-02 6.268087775e-02 6.820132583e-02 7.423320413e-02 8.083318919e-02
 8.807529509e-02 9.605191648e-02 1.048749536e-01 1.146718264e-01 1.255587786e-01
 1.373373270e-01 1.478290111e-01 1.542859524e-01 1.563140601e-01 1.535478532e-01
 1.481511146e-01 1.426412761e-01 1.374040842e-01 1.326694489e-01 1.284656525e-01
 1.247472689e-01 1.214483306e-01 1.185035408e-01 1.158552244e-01 1.134548336e-01
 1.112623438e-01 1.092450917e-01 1.073765233e-01 1.056350917e-01 1.040032431e-01
 5.097405519e-03 1.158527192e-02 2.053293958e-02 2.650210075e-02 2.636529505e-02
 2.543541230e-02 2.453883924e-02 2.369195968e-02 2.290683985e-02 2.219212987e-02
 2.155680768e-02 2.100880258e-02 2.055575512e-02 2.020556107e-02 1.996660046e-02
 1.984774694e-02 1.985827088e-02 2.000765130e-02 2.030538023e-02 2.076078206e-02
 2.138293348e-02 2.218064666e-02 2.316251770e-02 2.433699556e-02 2.571246214e-02
 2.729733102e-02 2.910016291e-02 3.112976439e-02 3.339534998e-02 3.590670973e-02
 3.867445886e-02 4.171034321e-02 4.502759874e-02 4.864108935e-02 5.256725848e-02
 5.682315305e-02 6.142574921e-02 6.639140844e-02 7.173599303e-02 7.747326791e-02
 8.361084014e-02 9.014140069e-02 9.702562541e-02 1.041598916e-01 1.113202795e-01
 1.180916876e-01 1.238757148e-01 1.280687600e-01 1.303445995e-01 1.307461411e-01
 1.296925992e-01 1.277360320e-01 1.253021210e-01 1.226865798e-01 1.200644597e-01
 1.175299063e-01 1.151271909e-01 1.128718704e-01 1.107638702e-01 1.087953374e-01
 1.069549769e-01 1.052305475e-01 1.036100760e-01 1.020824984e-01 1.006378755e-01
 4.856324755e-03 1.107945293e-02 1.973288693e-02 2.541450970e-02 2.503265627e-02
 2.393486165e-02 2.292911522e-02 2.203121223e-02 2.124499716e-02 2.056709677e-02
 1.999547146e-02 1.952990703e-02 1.917253621e-02 1.892762072e-02 1.880101301e-02
 1.879954152e-02 1.893047057e-02 1.920106262e-02 1.961829327e-02 2.018873394e-02
 2.091854438e-02 2.181356773e-02 2.287945896e-02 2.412181534e-02 2.554629184e-02
 2.715867385e-02 2.896495163e-02 3.097135015e-02 3.318435699e-02 3.561074287e-02
 3.825753927e-02 4.113202542e-02 4.424156994e-02 4.759342596e-02 5.119417235e-02
 5.504907668e-02 5.916114524e-02 6.352984160e-02 6.814901531e-02 7.300397754e-02
 7.806679606e-02 8.328945935e-02 8.859448135e-02 9.386410564e-02 9.893196076e-02
 1.035870686e-01 1.076000184e-01 1.107752696e-01 1.129948422e-01 1.142551154e-01
 1.146520525e-01 1.143491194e-01 1.135351285e-01 1.123759001e-01 1.110039949e-01
 1.095169261e-01 1.079821587e-01 1.064440981e-01 1.049304828e-01 1.034575924e-01
 1.020340621e-01 1.006636098e-01 9.934688359e-02 9.808268398e-02 9.686878324e-02
 4.370989278e-03 1.005905122e-02 1.811281964e-02 2.328748815e-02 2.259618416e-02
 2.137078531e-02 2.035032958e-02 1.950863749e-02 1.882093400e-02 1.825914346e-02
 1.780844107e-02 1.746330783e-02 1.722456701e-02 1.709712669e-02 1.708813384e-02
 1.720550843e-02 1.745678857e-02 1.784838736e-02 1.838538796e-02 1.907159574e-02
 1.990989782e-02 2.090267837e-02 2.205218561e-02 2.336081117e-02 2.483124472e-02
 2.646652982e-02 2.827003784e-02 3.024541028e-02 3.239643201e-02 3.472690284e-02
 3.724045679e-02 3.994033113e-02 4.282906651e-02 4.590808228e-02 4.917714372e-02
 5.263360962e-02 5.627145618e-02 6.008000672e-02 6.404229999e-02 6.813298911e-02
 7.231575251e-02 7.654050738e-02 8.074084669e-02 8.483289182e-02 8.871719241e-02
 9.228526056e-02 9.543138742e-02 9.806716442e-02 1.001382917e-01 1.016314998e-01
 1.025759652e-01 1.030324027e-01 1.030777469e-01 1.027950943e-01 1.022625417e-01
 1.015477404e-01 1.007059664e-01 9.978040308e-02 9.880371392e-02 9.779986739e-02
 9.678606689e-02 9.577434510e-02 9.477290511e-02 9.378717095e-02 9.282056987e-02
 3.418161767e-03 7.924905047e-03 1.459706854e-02 1.884294115e-02 1.803638600e-02
 1.713055559e-02 1.651140302e-02 1.603044942e-02 1.563500799e-02 1.530841365e-02
 1.504769921e-02 1.485876832e-02 1.475319453e-02 1.474579517e-02 1.485236082e-02
 1.508714166e-02 1.546099968e-02 1.598052867e-02 1.664805599e-02 1.746295206e-02
 1.842295192e-02 1.952544227e-02 2.076830901e-02 2.215033025e-02 2.367124893e-02
 2.533166483e-02 2.713280916e-02 2.907630615e-02 3.116389923e-02 3.339718655e-02
 3.577732667e-02 3.830474988e-02 4.097877815e-02 4.379722476e-02 4.675588757e-02
 4.984793812e-02 5.306321010e-02 5.638734251e-02 5.980082229e-02 6.327798218e-02
 6.678601354e-02 7.028430700e-02 7.372432202e-02 7.705051452e-02 8.020263910e-02
 8.311970532e-02 8.574531227e-02 8.803375810e-02 8.995458484e-02 9.149599820e-02
 9.266461432e-02 9.348334372e-02 9.398739785e-02 9.421834350e-02 9.421980381e-02
 9.403385967e-02 9.369871020e-02 9.324755520e-02 9.270828962e-02 9.210370481e-02
 9.145209193e-02 9.076784551e-02 9.006217122e-02 8.934366703e-02 8.861890435e-02
 2.078244695e-03 4.534008447e-03 7.438584231e-03 9.824452922e-03 1.110512391e-02
 1.168586034e-02 1.194507163e-02 1.203730330e-02 1.203441340e-02 1.198177412e-02
 1.191222854e-02 1.185646001e-02 1.184713189e-02 1.191965118e-02 1.210902911e-02
 1.244469918e-02 1.294450648e-02 1.361228526e-02 1.444131136e-02 1.541911531e-02
 1.653285138e-02 1.777193137e-02 1.912890747e-02 2.059927210e-02 2.218081616e-02
 2.387293801e-02 2.567600459e-02 2.759085968e-02 2.961838804e-02 3.175916895e-02
 3.401315212e-02 3.637933731e-02 3.885548562e-02 4.143773764e-02 4.412028193e-02
 4.689491913e-02 4.975064099e-02 5.267316476e-02 5.564449728e-02 5.864258856e-02
 6.164111942e-02 6.460958719e-02 6.751377881e-02 7.031676173e-02 7.298050821e-02
 7.546802610e-02 7.774583250e-02 7.978642732e-02 8.157056570e-02 8.308839798e-02
 8.433990180e-02 8.533395082e-02 8.608660102e-02 8.661915362e-02 8.695595711e-02
 8.712240309e-02 8.714338392e-02 8.704223484e-02 8.684004098e-02 8.655536920e-02
 8.620420098e-02 8.580007404e-02 8.535429090e-02 8.487620205e-02 8.437348157e-02
 1.110773883e-03 2.359953942e-03 3.818132915e-03 5.247096997e-03 6.468420383e-03
 7.398487534e-03 8.017124608e-03 8.392904885e-03 8.603251539e-03 8.691380732e-03
 8.692401461e-03 8.644619025e-03 8.596983738e-03 8.616734296e-03 8.787880652e-03
 9.182803333e-03 9.833111428e-03 1.072158385e-02 1.179874688e-02 1.301798038e-02
 1.434653997e-02 1.576501317e-02 1.726384461e-02 1.883928291e-02 2.049079910e-02
 2.221950144e-02 2.402717620e-02 2.591567487e-02 2.788649499e-02 2.994047850e-02
 3.207756579e-02 3.429657221e-02 3.659496084e-02 3.896864504e-02 4.141173884e-02
 4.391636327e-02 4.647240415e-02 4.906733707e-02 5.168608204e-02 5.431097001e-02
 5.692180991e-02 5.949617922e-02 6.200991198e-02 6.443784386e-02 6.675478816e-02
 6.893675774e-02 7.096219808e-02 7.281322777e-02 7.447660714e-02 7.594441622e-02
 7.721421123e-02 7.828876376e-02 7.917548716e-02 7.988543063e-02 8.043227345e-02
 8.083127439e-02 8.109831810e-02 8.124920726e-02 8.129904419e-02 8.126188815e-02
 8.115050197e-02 8.097629994e-02 8.074930310e-02 8.047824353e-02 8.017063886e-02
 6.075975252e-04 1.299931668e-03 2.141139703e-03 3.028798616e-03 3.873534501e-03
 4.605355673e-03 5.157013424e-03 5.524944514e-03 5.729675759e-03 5.779267289e-03
 5.678196438e-03 5.432712846e-03 5.065010861e-03 4.647654016e-03 4.472873639e-03
 4.836377222e-03 5.819049664e-03 7.259618957e-03 8.834924549e-03 1.044321433e-02
 1.206382550e-02 1.369777415e-02 1.535185706e-02 1.703368314e-02 1.875062659e-02
 2.050927840e-02 2.231518365e-02 2.417275123e-02 2.608520538e-02 2.805454284e-02
 3.008148074e-02 3.216540068e-02 3.430425376e-02 3.649450466e-02 3.873101249e-02
 4.100698233e-02 4.331387207e-02 4.564137757e-02 4.797743261e-02 5.030830204e-02
 5.261873081e-02 5.489223823e-02 5.711151287e-02 5.925890058e-02 6.131704897e-02
 6.326955557e-02 6.510169059e-02 6.680101156e-02 6.835792959e-02 6.976602226e-02
 7.102219760e-02 7.212661952e-02 7.308240980e-02 7.389525324e-02 7.457283139e-02
 7.512433082e-02 7.555981725e-02 7.588981837e-02 7.612488419e-02 7.627526671e-02
 7.635070384e-02 7.636026293e-02 7.631225139e-02 7.621417940e-02 7.607278973e-02
 3.485718917e-04 7.520731888e-04 1.253421651e-03 1.799667487e-03 2.337801736e-03
 2.820868976e-03 3.203984117e-03 3.457913641e-03 3.560174024e-03 3.486804664e-03
 3.209539689e-03 2.685084241e-03 1.841262681e-03 5.314851296e-04-3.026303893e-04
-3.615365131e-05 1.449113595e-03 3.941274248e-03 6.150069647e-03 8.156913333e-03
 1.003972813e-02 1.184792072e-02 1.361562684e-02 1.536548138e-02 1.711484976e-02
 1.887643710e-02 2.065947652e-02 2.247076295e-02 2.431514300e-02 2.619577944e-02
 2.811426111e-02 3.007068112e-02 3.206367791e-02 3.409047797e-02 3.614690155e-02
 3.822738677e-02 4.032500833e-02 4.243154079e-02 4.453751445e-02 4.663235322e-02
 4.870453849e-02 5.074184015e-02 5.273161083e-02 5.466112494e-02 5.651798472e-02
 5.829050392e-02 5.996813625e-02 6.154183298e-02 6.300435960e-02 6.435047835e-02
 6.557708979e-02 6.668318808e-02 6.766975671e-02 6.853957474e-02 6.929691136e-02
 6.994724274e-02 7.049694657e-02 7.095296681e-02 7.132257521e-02 7.161311060e-02
 7.183179259e-02 7.198560238e-02 7.208114117e-02 7.212458551e-02 7.212166488e-02
 2.087323082e-04 4.529606085e-04 7.609486347e-04 1.102659269e-03 1.444272697e-03
 1.744442969e-03 1.978475368e-03 2.115186770e-03 2.123671351e-03 1.969918143e-03
 1.612152555e-03 9.949152591e-04 4.283658927e-05-1.361168223e-03-2.208588412e-03
-1.854616217e-03-2.374658361e-04 2.371608047e-03 4.664184060e-03 6.728601176e-03
 8.648263291e-03 1.047591772e-02 1.224669628e-02 1.398470812e-02 1.570707932e-02
 1.742655225e-02 1.915271208e-02 2.089277469e-02 2.265207842e-02 2.443415858e-02
 2.624093369e-02 2.807281539e-02 2.992884070e-02 3.180677071e-02 3.370317817e-02
 3.561352193e-02 3.753221780e-02 3.945270926e-02 4.136755690e-02 4.326858371e-02
 4.514698684e-02 4.699354619e-02 4.879882559e-02 5.055340007e-02 5.224812403e-02
 5.387438089e-02 5.542433262e-02 5.689114705e-02 5.826920271e-02 5.955418944e-02
 6.074322388e-02 6.183484197e-02 6.282894313e-02 6.372669339e-02 6.453036517e-02
 6.524319202e-02 6.586913764e-02 6.641276181e-02 6.687900424e-02 6.727307290e-02
 6.760023534e-02 6.786575168e-02 6.807474792e-02 6.823216379e-02 6.834268570e-02
 1.312202949e-04 2.860466193e-04 4.835189902e-04 7.059024065e-04 9.307499276e-04
 1.124877366e-03 1.272414112e-03 1.351526589e-03 1.338256290e-03 1.205258653e-03
 9.200774948e-04 4.410796100e-04-2.898252569e-04-1.375874970e-03-1.745709335e-03
-6.547273370e-04 9.021882433e-04 2.698529977e-03 4.496151581e-03 6.255760323e-03
 7.972168736e-03 9.654046968e-03 1.131144725e-02 1.295288652e-02 1.458511688e-02
 1.621401869e-02 1.784565672e-02 1.948600076e-02 2.114001662e-02 2.281100117e-02
 2.450034767e-02 2.620798722e-02 2.793271095e-02 2.967233025e-02 3.142377362e-02
 3.318314254e-02 3.494578600e-02 3.670636564e-02 3.845892847e-02 4.019702226e-02
 4.191379994e-02 4.360215366e-02 4.525486007e-02 4.686475545e-02 4.842489213e-02
 4.992870614e-02 5.137018487e-02 5.274401978e-02 5.404569954e-02 5.527164415e-02
 5.641924962e-02 5.748691782e-02 5.847404897e-02 5.938093737e-02 6.020867825e-02
 6.095905975e-02 6.163448468e-02 6.223785877e-02 6.277251244e-02 6.324208528e-02
 6.365040690e-02 6.400139630e-02 6.429896504e-02 6.454698741e-02 6.474922597e-02
 8.837282803e-05 1.936566550e-04 3.298969823e-04 4.868178221e-04 6.518665468e-04
 8.009521989e-04 9.160997579e-04 9.965228382e-04 1.028001541e-03 9.981779149e-04
 8.978496771e-04 7.234465447e-04 4.839780740e-04 2.118190314e-04 3.568373504e-04
 1.206197543e-03 2.351203468e-03 3.610527376e-03 4.934298340e-03 6.329394411e-03
 7.768844254e-03 9.238197468e-03 1.073220093e-02 1.223760098e-02 1.374495495e-02
 1.524755917e-02 1.674919575e-02 1.825759746e-02 1.978769526e-02 2.133780718e-02
 2.290592156e-02 2.449025214e-02 2.608870156e-02 2.769870311e-02 2.931718715e-02
 3.094057180e-02 3.256478906e-02 3.418533131e-02 3.579728678e-02 3.739542887e-02
 3.897427395e-02 4.052820057e-02 4.205154255e-02 4.353868216e-02 4.498419538e-02
 4.638294131e-02 4.773017392e-02 4.902163520e-02 5.025363341e-02 5.142308399e-02
 5.252751708e-02 5.356528983e-02 5.453614518e-02 5.543976650e-02 5.627650395e-02
 5.704745650e-02 5.775354430e-02 5.839634314e-02 5.897826701e-02 5.950191244e-02
 5.997004732e-02 6.038556993e-02 6.075143814e-02 6.107063964e-02 6.134613976e-02
 6.554745778e-05 1.446090318e-04 2.486734011e-04 3.712792241e-04 5.045823054e-04
 6.388011971e-04 7.661515265e-04 8.825722034e-04 9.851389332e-04 1.074600499e-03
 1.158065046e-03 1.253370894e-03 1.395046711e-03 1.634417567e-03 2.034187550e-03
 2.635844052e-03 3.423877293e-03 4.353113938e-03 5.394136999e-03 6.529006176e-03
 7.737644482e-03 9.004506283e-03 1.031778101e-02 1.166736614e-02 1.304715686e-02
 1.440240350e-02 1.577151939e-02 1.716077700e-02 1.857120916e-02 2.000220120e-02
 2.145165950e-02 2.291706204e-02 2.439570054e-02 2.588466927e-02 2.738082595e-02
 2.888076194e-02 3.038078919e-02 3.187696263e-02 3.336510807e-02 3.484085575e-02
 3.629969805e-02 3.773706034e-02 3.914836049e-02 4.052908719e-02 4.187488183e-02
 4.318160936e-02 4.444542900e-02 4.566287249e-02 4.683087394e-02 4.794682935e-02
 4.900863394e-02 5.001473054e-02 5.096416548e-02 5.185638368e-02 5.269129574e-02
 5.346932262e-02 5.419116095e-02 5.485790595e-02 5.547102168e-02 5.603225902e-02
 5.654354766e-02 5.700698867e-02 5.742477626e-02 5.779919028e-02 5.813252926e-02
 5.446215073e-05 1.212299831e-04 2.111610520e-04 3.208525886e-04 4.465252277e-04
 5.846596323e-04 7.314032991e-04 8.851661114e-04 1.048280275e-03 1.225202810e-03
 1.424566959e-03 1.660077483e-03 1.950408914e-03 2.316599479e-03 2.777805552e-03
 3.347564489e-03 4.027928226e-03 4.814794287e-03 5.698864348e-03 6.667294074e-03
 7.709204685e-03 8.815384470e-03 9.979798459e-03 1.118626911e-02 1.242648996e-02
 1.365722250e-02 1.490529906e-02 1.617202535e-02 1.746721752e-02 1.878567226e-02
 2.012345009e-02 2.147734538e-02 2.284432203e-02 2.422134019e-02 2.560528181e-02
 2.699290402e-02 2.838082612e-02 2.976553142e-02 3.114338033e-02 3.251063451e-02
 3.386348858e-02 3.519812226e-02 3.651073202e-02 3.779760376e-02 3.905513883e-02
 4.027993232e-02 4.146880656e-02 4.261886701e-02 4.372755811e-02 4.479268938e-02
 4.581253976e-02 4.678568617e-02 4.771021381e-02 4.858551174e-02 4.941123351e-02
 5.018721893e-02 5.091444030e-02 5.159385502e-02 5.222615600e-02 5.281240866e-02
 5.335390940e-02 5.385213718e-02 5.430869758e-02 5.472529307e-02 5.510370061e-02
 0.121110356E+01 0.121595454E+01 0.121598947E+01 0.121795774E+01 0.122079563E+01
 0.122435558E+01 0.122856808E+01 0.123339868E+01 0.123883343E+01 0.124494171E+01
 0.125164783E+01 0.125899565E+01 0.126706719E+01 0.127588356E+01 0.128537393E+01
 0.129568088E+01 0.130678463E+01 0.131866896E+01 0.133148611E+01 0.134518671E+01
 0.135984182E+01 0.137551785E+01 0.139221036E+01 0.141006291E+01 0.142905736E+01
 0.144932997E+01 0.147090209E+01 0.149389648E+01 0.151838017E+01 0.154448080E+01
 0.157229316E+01 0.160194564E+01 0.163357401E+01 0.166733301E+01 0.170339811E+01
 0.174196041E+01 0.178323460E+01 0.182745421E+01 0.187489724E+01 0.192587757E+01
 0.198074234E+01 0.203990507E+01 0.210381174E+01 0.217300844E+01 0.224808788E+01
 0.232975721E+01 0.241887712E+01 0.251640129E+01 0.262360406E+01 0.274179101E+01
 0.287265682E+01 0.301832628E+01 0.318134236E+01 0.336487031E+01 0.357311416E+01
 0.381127310E+01 0.408623886E+01 0.440744734E+01 0.478773069E+01 0.524596643E+01
 0.581200838E+01 0.653556538E+01 0.750866842E+01 0.896076298E+01 0.173493881E+02
  153   37
 0.230544448E+00 0.000000000E+00 0.230927378E+00 0.625000000E-01 0.232555509E+00
 0.125000000E+00 0.235489860E+00 0.187500000E+00 0.239839524E+00 0.250000000E+00
 0.241874993E+00 0.272172302E+00 0.245273665E+00 0.312500000E+00 0.252033889E+00
 0.375000000E+00 0.260667413E+00 0.437500000E+00 0.271542877E+00 0.500000000E+00
 0.272187501E+00 0.503263235E+00 0.283691823E+00 0.562500000E+00 0.298703343E+00
 0.625000000E+00 0.302500010E+00 0.639138281E+00 0.315865457E+00 0.687500000E+00
 0.332812488E+00 0.740081072E+00 0.336214066E+00 0.750000000E+00 0.359355688E+00
 0.812500000E+00 0.363124996E+00 0.822401643E+00 0.385631472E+00 0.875000000E+00
 0.393437505E+00 0.893570602E+00 0.415197372E+00 0.937500000E+00 0.423750013E+00
 0.956737518E+00 0.447899938E+00 0.100000000E+01 0.454062492E+00 0.101407361E+01
 0.483437002E+00 0.106250000E+01 0.484375000E+00 0.106506824E+01 0.514687479E+00
 0.111730027E+01 0.535722613E+00 0.115187526E+01 0.556757748E+00 0.118645036E+01
 0.581191361E+00 0.117324233E+01 0.605624974E+00 0.116003430E+01 0.635937512E+00
 0.113553166E+01 0.645360053E+00 0.112500000E+01 0.666249990E+00 0.111480701E+01
 0.696562529E+00 0.109503853E+01 0.726875007E+00 0.107084703E+01 0.735294521E+00
 0.106250000E+01 0.757187486E+00 0.104854774E+01 0.787500024E+00 0.102524638E+01
 0.815275908E+00 0.100000000E+01 0.817812502E+00 0.998329461E+00 0.848124981E+00
 0.974456191E+00 0.878437519E+00 0.946699321E+00 0.887076974E+00 0.937500000E+00
 0.908749998E+00 0.919503331E+00 0.939062476E+00 0.890595078E+00 0.953386903E+00
 0.875000000E+00 0.969375014E+00 0.860696077E+00 0.999687493E+00 0.830053389E+00
 0.101515710E+01 0.812500000E+00 0.102999997E+01 0.797988236E+00 0.106031251E+01
 0.764986992E+00 0.107276356E+01 0.750000000E+00 0.109062505E+01 0.730612874E+00
 0.112093747E+01 0.694195390E+00 0.112604904E+01 0.687500000E+00 0.115125000E+01
 0.656478643E+00 0.117432785E+01 0.625000000E+00 0.118156254E+01 0.615456939E+00
 0.121187496E+01 0.571637213E+00 0.121765113E+01 0.562500000E+00 0.124218750E+01
 0.524337888E+00 0.125645840E+01 0.500000000E+00 0.127250004E+01 0.472978741E+00
 0.129206479E+01 0.437500000E+00 0.130281246E+01 0.418168366E+00 0.132572305E+01
 0.375000000E+00 0.133312500E+01 0.360876858E+00 0.135806644E+01 0.312500000E+00
 0.136343753E+01 0.301408589E+00 0.138853526E+01 0.250000000E+00 0.139374995E+01
 0.237621590E+00 0.141537082E+01 0.187500000E+00 0.142406249E+01 0.160883844E+00
 0.143619883E+01 0.125000000E+00 0.144888997E+01 0.625000000E-01 0.145252395E+01
 0.000000000E+00 0.144701993E+01-0.625000000E-01 0.143248546E+01-0.125000000E+00
 0.142406249E+01-0.148172587E+00 0.141026127E+01-0.187500000E+00 0.139374995E+01
-0.224155962E+00 0.138238060E+01-0.250000000E+00 0.136343753E+01-0.287878990E+00
 0.135120380E+01-0.312500000E+00 0.133312500E+01-0.347191274E+00 0.131833434E+01
-0.375000000E+00 0.130281246E+01-0.404151767E+00 0.128410637E+01-0.437500000E+00
 0.127250004E+01-0.458531708E+00 0.124771655E+01-0.500000000E+00 0.124218750E+01
-0.509428680E+00 0.121187496E+01-0.556616127E+00 0.120774651E+01-0.562500000E+00
 0.118156254E+01-0.600616634E+00 0.116295063E+01-0.625000000E+00 0.115125000E+01
-0.640943527E+00 0.112093747E+01-0.678411126E+00 0.111285126E+01-0.687500000E+00
 0.109062505E+01-0.714397669E+00 0.106031251E+01-0.747366250E+00 0.105764318E+01
-0.750000000E+00 0.102999997E+01-0.780637503E+00 0.999687493E+00-0.810591578E+00
 0.997528195E+00-0.812500000E+00 0.969375014E+00-0.841754138E+00 0.939062476E+00
-0.869529605E+00 0.932258844E+00-0.875000000E+00 0.908749998E+00-0.898336589E+00
 0.878437519E+00-0.924487591E+00 0.860942125E+00-0.937500000E+00 0.848124981E+00
-0.949959755E+00 0.817812502E+00-0.975040197E+00 0.787500024E+00-0.996395648E+00
 0.781257868E+00-0.100000000E+01 0.757187486E+00-0.101981902E+01 0.726875007E+00
-0.104038715E+01 0.696562529E+00-0.105702889E+01 0.683051169E+00-0.106250000E+01
 0.666249990E+00-0.107416618E+01 0.635937512E+00-0.108873618E+01 0.596029162E+00
-0.113045847E+01 0.556120813E+00-0.117218089E+01 0.542303205E+00-0.111734045E+01
 0.528485656E+00-0.106250000E+01 0.514687479E+00-0.105264330E+01 0.484375000E+00
-0.101669812E+01 0.474740982E+00-0.100000000E+01 0.454062492E+00-0.972334921E+00
 0.434684843E+00-0.937500000E+00 0.423750013E+00-0.920165300E+00 0.400682241E+00
-0.875000000E+00 0.393437505E+00-0.861334860E+00 0.371219426E+00-0.812500000E+00
 0.363124996E+00-0.794143200E+00 0.345651150E+00-0.750000000E+00 0.332812488E+00
-0.714496851E+00 0.323709607E+00-0.687500000E+00 0.305110961E+00-0.625000000E+00
 0.302500010E+00-0.615118444E+00 0.288875341E+00-0.562500000E+00 0.275666267E+00
-0.500000000E+00 0.272187501E+00-0.480589718E+00 0.264270961E+00-0.437500000E+00
 0.254900575E+00-0.375000000E+00 0.247527570E+00-0.312500000E+00 0.241874993E+00
-0.250617087E+00 0.241813883E+00-0.250000000E+00 0.236920640E+00-0.187500000E+00
 0.233487591E+00-0.125000000E+00 0.231388509E+00-0.625000000E-01 0.230544448E+00
 0.000000000E+00
 0.189999998E+01 0.405000001E+00 0.155510426E+01 0.405000001E+00 0.155510426E+01
 0.822500229E+00 0.140793061E+01 0.822500229E+00 0.140793061E+01 0.103300035E+01
 0.103993106E+01 0.103300035E+01 0.103993106E+01 0.119500005E+01 0.189999998E+01
 0.119500005E+01 0.189999998E+01 0.182500005E+01 0.564930677E+00 0.182500005E+01
 0.564930677E+00 0.172808158E+01 0.783500016E+00 0.172808158E+01 0.783500016E+00
 0.171558166E+01 0.582590282E+00 0.154700005E+01 0.416500002E+00 0.154700005E+01
 0.280000001E+00 0.168350005E+01 0.280000001E+00 0.122908854E+01 0.195244402E+00
 0.108350003E+01 0.195244402E+00-0.108350003E+01 0.280000001E+00-0.122908854E+01
 0.280000001E+00-0.168350005E+01 0.416500002E+00-0.154700005E+01 0.582590282E+00
-0.154700005E+01 0.783500016E+00-0.171558166E+01 0.783500016E+00-0.172808158E+01
 0.564930677E+00-0.172808158E+01 0.564930677E+00-0.182500005E+01 0.189999998E+01
-0.182500005E+01 0.189999998E+01-0.119500005E+01 0.103993106E+01-0.119500005E+01
 0.103993106E+01-0.103300035E+01 0.140793061E+01-0.103300035E+01 0.140793061E+01
-0.822500229E+00 0.155510426E+01-0.822500229E+00 0.155510426E+01-0.405000001E+00
 0.189999998E+01-0.405000001E+00 0.189999998E+01 0.405000001E+00
    0
