EFIT++  MAST     # 29976 # 214ms                   0  65  65
 0.194000006E+01 0.400000000E+01 0.841139317E+00 0.599999987E-01 0.000000000E+00
 0.941733599E+00 0.907223299E-02-0.624567010E-01 0.218598098E-01-0.482354224E+00
 0.807730250E+06-0.624567010E-01 0.000000000E+00 0.941733599E+00 0.000000000E+00
 0.907223299E-02 0.000000000E+00 0.218598098E-01 0.000000000E+00 0.000000000E+00
-0.480440438E+00-0.477807224E+00-0.475224584E+00-0.472692639E+00-0.470211446E+00
-0.467781037E+00-0.465401441E+00-0.463072687E+00-0.460794747E+00-0.458567649E+00
-0.456391335E+00-0.454265743E+00-0.452190816E+00-0.450166434E+00-0.448192537E+00
-0.446268976E+00-0.444395602E+00-0.442572236E+00-0.440798700E+00-0.439074814E+00
-0.437400311E+00-0.435774982E+00-0.434198529E+00-0.432670683E+00-0.431191146E+00
-0.429759562E+00-0.428375572E+00-0.427038848E+00-0.425749004E+00-0.424505562E+00
-0.423308164E+00-0.422156334E+00-0.421049595E+00-0.419987440E+00-0.418969393E+00
-0.417994916E+00-0.417063445E+00-0.416174442E+00-0.415327311E+00-0.414521456E+00
-0.413756222E+00-0.413031012E+00-0.412345171E+00-0.411698043E+00-0.411088914E+00
-0.410517097E+00-0.409981906E+00-0.409482598E+00-0.409018397E+00-0.408588618E+00
-0.408192486E+00-0.407829195E+00-0.407497972E+00-0.407198042E+00-0.406928569E+00
-0.406688750E+00-0.406477779E+00-0.406294823E+00-0.406139016E+00-0.406009555E+00
-0.405905545E+00-0.405826181E+00-0.405770540E+00-0.405737817E+00-0.405727088E+00
 0.172880176E+05 0.172815117E+05 0.172500918E+05 0.171945586E+05 0.171157168E+05
 0.170143633E+05 0.168912988E+05 0.167473262E+05 0.165832422E+05 0.163998516E+05
 0.161979512E+05 0.159783428E+05 0.157418271E+05 0.154892051E+05 0.152212773E+05
 0.149388428E+05 0.146427031E+05 0.143336582E+05 0.140125098E+05 0.136800566E+05
 0.133370996E+05 0.129844404E+05 0.126228789E+05 0.122532148E+05 0.118762500E+05
 0.114927832E+05 0.111036162E+05 0.107095498E+05 0.103113828E+05 0.990991699E+04
 0.950595312E+04 0.910029102E+04 0.869373145E+04 0.828707422E+04 0.788112109E+04
 0.747667139E+04 0.707452588E+04 0.667548535E+04 0.628035059E+04 0.588992090E+04
 0.550499805E+04 0.512638184E+04 0.475487256E+04 0.439127148E+04 0.403637842E+04
 0.369099414E+04 0.335591919E+04 0.303195386E+04 0.271989868E+04 0.242055420E+04
 0.213472095E+04 0.186319934E+04 0.160678979E+04 0.136629285E+04 0.114250916E+04
 0.936238953E+03 0.748282898E+03 0.579441406E+03 0.430514984E+03 0.302304108E+03
 0.195609253E+03 0.111230934E+03 0.499696312E+02 0.126258221E+02 0.000000000E+00
-0.969489276E+00-0.945839167E+00-0.922459006E+00-0.899348676E+00-0.876508296E+00
-0.853937805E+00-0.831637204E+00-0.809606493E+00-0.787845731E+00-0.766354799E+00
-0.745133817E+00-0.724182725E+00-0.703501523E+00-0.683090210E+00-0.662948787E+00
-0.643077314E+00-0.623475671E+00-0.604143977E+00-0.585082173E+00-0.566290259E+00
-0.547768235E+00-0.529516160E+00-0.511533916E+00-0.493821621E+00-0.476379216E+00
-0.459206700E+00-0.442304105E+00-0.425671369E+00-0.409308553E+00-0.393215656E+00
-0.377392620E+00-0.361839503E+00-0.346556276E+00-0.331542969E+00-0.316799551E+00
-0.302326024E+00-0.288122416E+00-0.274188668E+00-0.260524839E+00-0.247130930E+00
-0.234006897E+00-0.221152768E+00-0.208568543E+00-0.196254209E+00-0.184209779E+00
-0.172435254E+00-0.160930619E+00-0.149695888E+00-0.138731062E+00-0.128036126E+00
-0.117611088E+00-0.107455954E+00-0.975707099E-01-0.879553780E-01-0.786099359E-01
-0.695343986E-01-0.607287548E-01-0.521930158E-01-0.439271741E-01-0.359312296E-01
-0.282051861E-01-0.207490399E-01-0.135627948E-01-0.664644782E-02 0.000000000E+00
 0.471766602E+04-0.144956201E+05-0.331013008E+05-0.510993750E+05-0.684898438E+05
-0.852727109E+05-0.101447969E+06-0.117015617E+06-0.131975672E+06-0.146328109E+06
-0.160072953E+06-0.173210172E+06-0.185739797E+06-0.197661828E+06-0.208976234E+06
-0.219683047E+06-0.229782250E+06-0.239273844E+06-0.248157844E+06-0.256434234E+06
-0.264103000E+06-0.271164188E+06-0.277617750E+06-0.283463719E+06-0.288702094E+06
-0.293332844E+06-0.297356000E+06-0.300771531E+06-0.303579469E+06-0.305779812E+06
-0.307372531E+06-0.308357656E+06-0.308735156E+06-0.308505062E+06-0.307667375E+06
-0.306222094E+06-0.304169188E+06-0.301508656E+06-0.298240562E+06-0.294364812E+06
-0.289881500E+06-0.284790562E+06-0.279092031E+06-0.272785875E+06-0.265872125E+06
-0.258350781E+06-0.250221828E+06-0.241485250E+06-0.232141078E+06-0.222189312E+06
-0.211629922E+06-0.200462938E+06-0.188688344E+06-0.176306141E+06-0.163316344E+06
-0.149718938E+06-0.135513922E+06-0.120701297E+06-0.105281070E+06-0.892532422E+05
-0.726178047E+05-0.553747617E+05-0.375241133E+05-0.190658594E+05 0.000000000E+00
 4.889017509e-05 1.086949414e-04 1.890739659e-04 2.869668824e-04 3.990683763e-04
 5.228101509e-04 6.584186340e-04 8.043195703e-04 9.600221529e-04 1.129887998e-03
 1.322467229e-03 1.551078050e-03 1.833687769e-03 2.192173153e-03 2.642314881e-03
 3.193293232e-03 3.854584647e-03 4.615929909e-03 5.463146139e-03 6.386611145e-03
 7.373355329e-03 8.409121074e-03 9.475665167e-03 1.058984175e-02 1.175265200e-02
 1.304812729e-02 1.440073270e-02 1.579557173e-02 1.719309762e-02 1.859808527e-02
 2.001175843e-02 2.143313736e-02 2.286048047e-02 2.429162338e-02 2.572405525e-02
 2.715496719e-02 2.858128212e-02 2.999967709e-02 3.140662238e-02 3.279841319e-02
 3.417120501e-02 3.552104905e-02 3.684394062e-02 3.813583776e-02 3.939269856e-02
 4.061047733e-02 4.178512096e-02 4.291247576e-02 4.398809001e-02 4.500646144e-02
 4.595779255e-02 4.683862627e-02 4.769591242e-02 4.855452478e-02 4.947480932e-02
 5.037482083e-02 5.122112855e-02 5.199468508e-02 5.270747468e-02 5.336464942e-02
 5.396964774e-02 5.452533066e-02 5.503429845e-02 5.549900234e-02 5.592178926e-02
 5.863827391e-05 1.287803316e-04 2.201745519e-04 3.267247812e-04 4.421799385e-04
 5.619948497e-04 6.797844544e-04 7.881151396e-04 8.830494480e-04 9.655717295e-04
 1.044180943e-03 1.139000175e-03 1.286418061e-03 1.533379313e-03 1.932050218e-03
 2.519923961e-03 3.280460602e-03 4.171584267e-03 5.168985110e-03 6.254241802e-03
 7.404599804e-03 8.601293899e-03 9.832663462e-03 1.109453011e-02 1.238168031e-02
 1.382351201e-02 1.530925371e-02 1.681558229e-02 1.833464392e-02 1.986162737e-02
 2.139530517e-02 2.293496206e-02 2.447943389e-02 2.602696046e-02 2.757522464e-02
 2.912139893e-02 3.066220693e-02 3.219398111e-02 3.371271119e-02 3.521410748e-02
 3.669364750e-02 3.814664856e-02 3.956831619e-02 4.095381126e-02 4.229826480e-02
 4.359683394e-02 4.484467208e-02 4.603689536e-02 4.716857523e-02 4.823497310e-02
 4.923318326e-02 5.016593263e-02 5.103781447e-02 5.190322921e-02 5.285124108e-02
 5.374076590e-02 5.456926674e-02 5.533157289e-02 5.602833256e-02 5.666307732e-02
 5.723966658e-02 5.776172131e-02 5.823260173e-02 5.865544453e-02 5.903322250e-02
 8.076319500e-05 1.755439880e-04 2.952837967e-04 4.274689709e-04 5.584217142e-04
 6.882426096e-04 8.082273416e-04 8.849616861e-04 9.069044609e-04 8.642054745e-04
 7.506230613e-04 5.680275499e-04 3.378346446e-04 1.131026365e-04 2.930517949e-04
 1.099856454e-03 2.215225482e-03 3.448173637e-03 4.729570355e-03 6.084111519e-03
 7.479328662e-03 8.893095888e-03 1.030897349e-02 1.174840704e-02 1.323196758e-02
 1.478015631e-02 1.638335548e-02 1.802353375e-02 1.966326497e-02 2.130663954e-02
 2.295677923e-02 2.461418323e-02 2.627805434e-02 2.794668637e-02 2.961762249e-02
 3.128772974e-02 3.295326978e-02 3.460996598e-02 3.625306487e-02 3.787742555e-02
 3.947759047e-02 4.104788601e-02 4.258250445e-02 4.407561198e-02 4.552143440e-02
 4.691433907e-02 4.824887589e-02 4.951978102e-02 5.072183162e-02 5.184926093e-02
 5.289353058e-02 5.385577306e-02 5.477971584e-02 5.568432435e-02 5.658446625e-02
 5.746009573e-02 5.827242881e-02 5.900228024e-02 5.965955928e-02 6.025011837e-02
 6.077845395e-02 6.124858186e-02 6.166429073e-02 6.202919781e-02 6.234677508e-02
 1.254976232e-04 2.716354211e-04 4.543478135e-04 6.536078872e-04 8.496866794e-04
 1.034548273e-03 1.174403355e-03 1.241238322e-03 1.207906869e-03 1.045975252e-03
 7.222423446e-04 1.942301897e-04-5.982564180e-04-1.766782603e-03-2.094228519e-03
-8.809262072e-04 7.269420312e-04 2.514868975e-03 4.294349346e-03 6.046352442e-03
 7.758288179e-03 9.435968474e-03 1.109110471e-02 1.273855940e-02 1.439263951e-02
 1.606345363e-02 1.775576919e-02 1.946884580e-02 2.119930089e-02 2.294508368e-02
 2.470514737e-02 2.647852525e-02 2.826374769e-02 3.005862422e-02 3.186016902e-02
 3.366461396e-02 3.546743467e-02 3.726341203e-02 3.904670104e-02 4.081093147e-02
 4.254930839e-02 4.425475374e-02 4.592005163e-02 4.753799364e-02 4.910156503e-02
 5.060411990e-02 5.203955621e-02 5.340252817e-02 5.468872562e-02 5.589537323e-02
 5.702221021e-02 5.807288364e-02 5.905477703e-02 5.997430161e-02 6.083411723e-02
 6.163243949e-02 6.236411631e-02 6.302548945e-02 6.361657381e-02 6.413968652e-02
 6.459822506e-02 6.499608606e-02 6.533731520e-02 6.562594324e-02 6.586594135e-02
 2.094212978e-04 4.520088842e-04 7.535233744e-04 1.081265509e-03 1.402655500e-03
 1.695965999e-03 1.916916692e-03 2.033359371e-03 2.011487028e-03 1.813143725e-03
 1.391488709e-03 6.851913058e-04-3.877505951e-04-1.950227073e-03-2.839618362e-03
-2.421100158e-03-6.563440547e-04 2.075049561e-03 4.430677276e-03 6.549064070e-03
 8.515870199e-03 1.038583647e-02 1.219680253e-02 1.397612412e-02 1.574393548e-02
 1.751435734e-02 1.929675974e-02 2.109711245e-02 2.291881107e-02 2.476330474e-02
 2.663084678e-02 2.852070890e-02 3.043120727e-02 3.235968575e-02 3.430248797e-02
 3.625496849e-02 3.821150959e-02 4.016558081e-02 4.210980609e-02 4.403608665e-02
 4.593572766e-02 4.779962450e-02 4.961847886e-02 5.138301849e-02 5.308428779e-02
 5.471390858e-02 5.626438558e-02 5.772940069e-02 5.910412222e-02 6.038547680e-02
 6.157237664e-02 6.266562641e-02 6.366732717e-02 6.458038092e-02 6.540756673e-02
 6.615114957e-02 6.681331247e-02 6.739643216e-02 6.790351123e-02 6.833832711e-02
 6.870523840e-02 6.900897622e-02 6.925435364e-02 6.944616139e-02 6.958904862e-02
 3.639420029e-04 7.807189832e-04 1.291220309e-03 1.836311771e-03 2.362287836e-03
 2.830082783e-03 3.198318649e-03 3.435531631e-03 3.510760842e-03 3.393633291e-03
 3.045609221e-03 2.413769485e-03 1.413760823e-03-1.204124346e-04-1.068404759e-03
-7.970490842e-04 8.627692587e-04 3.582668025e-03 5.931744352e-03 8.047317155e-03
 1.001868863e-02 1.190353837e-02 1.373872999e-02 1.555277314e-02 1.736380346e-02
 1.918521896e-02 2.102725767e-02 2.289708890e-02 2.479933575e-02 2.673662081e-02
 2.870988660e-02 3.071862273e-02 3.276096657e-02 3.483377025e-02 3.693258762e-02
 3.905170038e-02 4.118410498e-02 4.332156479e-02 4.545466974e-02 4.757294804e-02
 4.966504499e-02 5.171894282e-02 5.372224003e-02 5.566252768e-02 5.752775446e-02
 5.930665508e-02 6.098917499e-02 6.256686896e-02 6.403320283e-02 6.538379937e-02
 6.661649793e-02 6.773128361e-02 6.873002648e-02 6.961606443e-02 7.039380074e-02
 7.106840611e-02 7.164553553e-02 7.213120908e-02 7.253178209e-02 7.285375148e-02
 7.310365885e-02 7.328797877e-02 7.341296226e-02 7.348454744e-02 7.350829989e-02
 6.581755006e-04 1.399299596e-03 2.279709559e-03 3.175481921e-03 3.979986534e-03
 4.648969974e-03 5.202207714e-03 5.609137006e-03 5.825835746e-03 5.850801244e-03
 5.691816099e-03 5.356928799e-03 4.858829547e-03 4.258029163e-03 3.956151195e-03
 4.313163925e-03 5.423536059e-03 7.064066827e-03 8.783997037e-03 1.051103603e-02
 1.223376486e-02 1.395746414e-02 1.569099352e-02 1.744488254e-02 1.922866330e-02
 2.105037682e-02 2.291649207e-02 2.483191527e-02 2.680004016e-02 2.882279642e-02
 3.090068884e-02 3.303281963e-02 3.521687165e-02 3.744905069e-02 3.972401842e-02
 4.203484580e-02 4.437292367e-02 4.672794789e-02 4.908793420e-02 5.143930018e-02
 5.376702547e-02 5.605493858e-02 5.828609690e-02 6.044328958e-02 6.250964850e-02
 6.446930766e-02 6.630808860e-02 6.801412255e-02 6.957835704e-02 7.099492848e-02
 7.226119936e-02 7.337773591e-02 7.434792817e-02 7.517758012e-02 7.587430626e-02
 7.644702494e-02 7.690541446e-02 7.725952566e-02 7.751937211e-02 7.769473642e-02
 7.779491693e-02 7.782864571e-02 7.780394703e-02 7.772816718e-02 7.760790735e-02
 1.242485479e-03 2.633917378e-03 4.239657894e-03 5.749220029e-03 6.930977572e-03
 7.759614848e-03 8.364887908e-03 8.778305724e-03 8.994311094e-03 9.058316238e-03
 9.013688192e-03 8.904287592e-03 8.787139319e-03 8.743358776e-03 8.873076178e-03
 9.265162051e-03 9.955313988e-03 1.091350149e-02 1.207594015e-02 1.338238735e-02
 1.479397807e-02 1.629051007e-02 1.786253788e-02 1.950680092e-02 2.122334763e-02
 2.301377989e-02 2.488024347e-02 2.682479843e-02 2.884900570e-02 3.095366433e-02
 3.313858062e-02 3.540238738e-02 3.774235025e-02 4.015417770e-02 4.263183102e-02
 4.516729340e-02 4.775039852e-02 5.036862940e-02 5.300700665e-02 5.564805865e-02
 5.827191100e-02 6.085656956e-02 6.337839365e-02 6.581285596e-02 6.813546270e-02
 7.032292336e-02 7.235436141e-02 7.421245426e-02 7.588443160e-02 7.736264169e-02
 7.864484191e-02 7.973382622e-02 8.063683659e-02 8.136467636e-02 8.193071187e-02
 8.234982938e-02 8.263757080e-02 8.280934393e-02 8.287993073e-02 8.286310732e-02
 8.277139813e-02 8.261603117e-02 8.240690827e-02 8.215267956e-02 8.186082542e-02
 2.352525713e-03 5.182405468e-03 8.585327305e-03 1.125485823e-02 1.241941750e-02
 1.279694028e-02 1.290881541e-02 1.290119439e-02 1.282649115e-02 1.271426305e-02
 1.259110589e-02 1.248636097e-02 1.243457943e-02 1.247498486e-02 1.264723763e-02
 1.298374776e-02 1.350298803e-02 1.420722157e-02 1.508550998e-02 1.612078026e-02
 1.729614288e-02 1.859829761e-02 2.001816034e-02 2.155026421e-02 2.319185250e-02
 2.494199015e-02 2.680082805e-02 2.876902744e-02 3.084729798e-02 3.303602338e-02
 3.533494473e-02 3.774283826e-02 4.025722295e-02 4.287402332e-02 4.558721557e-02
 4.838843271e-02 5.126655474e-02 5.420726910e-02 5.719265342e-02 6.020086631e-02
 6.320597231e-02 6.617803127e-02 6.908359379e-02 7.188668847e-02 7.455033809e-02
 7.703864574e-02 7.931911945e-02 8.136518300e-02 8.315804601e-02 8.468801528e-02
 8.595465869e-02 8.696620911e-02 8.773820102e-02 8.829122037e-02 8.864888549e-02
 8.883602172e-02 8.887705207e-02 8.879499137e-02 8.861070871e-02 8.834265172e-02
 8.800676465e-02 8.761658520e-02 8.718347549e-02 8.671683073e-02 8.622441441e-02
 3.756145714e-03 8.715386502e-03 1.599464752e-02 2.060879022e-02 1.971552335e-02
 1.862360165e-02 1.785114221e-02 1.725212298e-02 1.676610485e-02 1.636848971e-02
 1.605198719e-02 1.581992581e-02 1.568283327e-02 1.565559953e-02 1.575450040e-02
 1.599426568e-02 1.638555527e-02 1.693372801e-02 1.763935946e-02 1.849963889e-02
 1.951016299e-02 2.066642232e-02 2.196474932e-02 2.340272069e-02 2.497916855e-02
 2.669400163e-02 2.854792774e-02 3.054213710e-02 3.267801180e-02 3.495680913e-02
 3.737937659e-02 3.994582221e-02 4.265515134e-02 4.550485685e-02 4.849042743e-02
 5.160474777e-02 5.483740196e-02 5.817384273e-02 6.159448251e-02 6.507374346e-02
 6.857915223e-02 7.207076252e-02 7.550110668e-02 7.881619036e-02 8.195771277e-02
 8.486683667e-02 8.748915046e-02 8.977995068e-02 9.170939028e-02 9.326525033e-02
 9.445366263e-02 9.529641271e-02 9.582630545e-02 9.608333558e-02 9.610985965e-02
 9.594704956e-02 9.563258290e-02 9.519947320e-02 9.467560798e-02 9.408395737e-02
 9.344305098e-02 9.276755154e-02 9.206894040e-02 9.135606885e-02 9.063571692e-02
 4.681632388e-03 1.075821370e-02 1.933644898e-02 2.487246320e-02 2.421279252e-02
 2.297699265e-02 2.187664434e-02 2.093859762e-02 2.017957345e-02 1.956275664e-02
 1.907075942e-02 1.869661734e-02 1.844023541e-02 1.830593124e-02 1.830042154e-02
 1.843112521e-02 1.870490238e-02 1.912727952e-02 1.970214956e-02 2.043197677e-02
 2.131824195e-02 2.236197516e-02 2.356421202e-02 2.492628805e-02 2.645001933e-02
 2.813772112e-02 2.999217995e-02 3.201653808e-02 3.421415389e-02 3.658843413e-02
 3.914262727e-02 4.187959060e-02 4.480143636e-02 4.790915921e-02 5.120204389e-02
 5.467695370e-02 5.832737312e-02 6.214215606e-02 6.610389799e-02 7.018687576e-02
 7.435469329e-02 7.855762541e-02 8.273044229e-02 8.679153025e-02 9.064481407e-02
 9.418610483e-02 9.731415659e-02 9.994576871e-02 1.020279974e-01 1.035469696e-01
 1.045263782e-01 1.050208658e-01 1.051056236e-01 1.048602164e-01 1.043605283e-01
 1.036731601e-01 1.028531790e-01 1.019441411e-01 1.009793133e-01 9.998342395e-02
 9.897438437e-02 9.796489030e-02 9.696371853e-02 9.597675502e-02 9.500779957e-02
 5.149052478e-03 1.173862349e-02 2.088634297e-02 2.692194283e-02 2.659752592e-02
 2.550498769e-02 2.448366396e-02 2.355664968e-02 2.274097502e-02 2.203975245e-02
 2.145282552e-02 2.098058723e-02 2.062528394e-02 2.039101347e-02 2.028326504e-02
 2.030833811e-02 2.047277614e-02 2.078295313e-02 2.124482952e-02 2.186389454e-02
 2.264521830e-02 2.359360270e-02 2.471374534e-02 2.601040341e-02 2.748851106e-02
 2.915325761e-02 3.101014346e-02 3.306498751e-02 3.532392532e-02 3.779339418e-02
 4.048007727e-02 4.339083657e-02 4.653255269e-02 4.991183057e-02 5.353463814e-02
 5.740556493e-02 6.152686104e-02 6.589704007e-02 7.050891966e-02 7.534649968e-02
 8.038033545e-02 8.556105196e-02 9.081083536e-02 9.601426870e-02 1.010121107e-01
 1.056054458e-01 1.095793098e-01 1.127427816e-01 1.149814203e-01 1.162836477e-01
 1.167418659e-01 1.165131256e-01 1.157671735e-01 1.146648526e-01 1.133369431e-01
 1.118813008e-01 1.103670374e-01 1.088405624e-01 1.073316336e-01 1.058582664e-01
 1.044305116e-01 1.030532271e-01 1.017278880e-01 1.004539505e-01 9.922963381e-02
 5.383585114e-03 1.223212574e-02 2.167706750e-02 2.800163068e-02 2.792032249e-02
 2.700752765e-02 2.611961029e-02 2.527807467e-02 2.449766919e-02 2.379072271e-02
 2.316807956e-02 2.263877913e-02 2.221100405e-02 2.189276181e-02 2.169218659e-02
 2.161761560e-02 2.167752385e-02 2.188041620e-02 2.223470621e-02 2.274866030e-02
 2.343036421e-02 2.428774908e-02 2.532865107e-02 2.656088024e-02 2.799231187e-02
 2.963098325e-02 3.148517385e-02 3.356352076e-02 3.587511554e-02 3.842965886e-02
 4.123761505e-02 4.431044683e-02 4.766084999e-02 5.130296946e-02 5.525197461e-02
 5.952377245e-02 6.413451582e-02 6.910020113e-02 7.443541288e-02 8.015154302e-02
 8.625214547e-02 9.272366762e-02 9.951834381e-02 1.065237522e-01 1.135147437e-01
 1.201007441e-01 1.257327050e-01 1.298770458e-01 1.322205812e-01 1.327918023e-01
 1.319273114e-01 1.301141530e-01 1.277964413e-01 1.252625287e-01 1.226906106e-01
 1.201821566e-01 1.177884042e-01 1.155303568e-01 1.134119704e-01 1.114282161e-01
 1.095697880e-01 1.078257784e-01 1.061851308e-01 1.046373695e-01 1.031729281e-01
 5.506659392e-03 1.249352004e-02 2.210262418e-02 2.858892456e-02 2.861871757e-02
 2.783961967e-02 2.711151913e-02 2.635829151e-02 2.562217973e-02 2.492483705e-02
 2.428281866e-02 2.371012233e-02 2.321928926e-02 2.282208391e-02 2.252993546e-02
 2.235417068e-02 2.230614237e-02 2.239723690e-02 2.263883315e-02 2.304220200e-02
 2.361843549e-02 2.437843382e-02 2.533292770e-02 2.649252303e-02 2.786776610e-02
 2.946924232e-02 3.130770847e-02 3.339425474e-02 3.574048355e-02 3.835875914e-02
 4.126251861e-02 4.446675628e-02 4.798898473e-02 5.185100064e-02 5.608148500e-02
 6.070929393e-02 6.576713175e-02 7.128924131e-02 7.731762528e-02 8.390785009e-02
 9.112922847e-02 9.906482697e-02 1.078085825e-01 1.174509972e-01 1.280195415e-01
 1.393137127e-01 1.493901610e-01 1.558369696e-01 1.580259800e-01 1.557643265e-01
 1.507117301e-01 1.454016864e-01 1.403396875e-01 1.356744468e-01 1.314876825e-01
 1.277580410e-01 1.244326830e-01 1.214538217e-01 1.187681556e-01 1.163296625e-01
 1.140997559e-01 1.120465696e-01 1.101439297e-01 1.083704382e-01 1.067085490e-01
 5.573683418e-03 1.263836492e-02 2.234648541e-02 2.894695476e-02 2.912295423e-02
 2.843346447e-02 2.771987580e-02 2.699301578e-02 2.626760677e-02 2.555957809e-02
 2.488467470e-02 2.425797656e-02 2.369399369e-02 2.320690826e-02 2.281082049e-02
 2.251994237e-02 2.234874107e-02 2.231192775e-02 2.242436446e-02 2.270071581e-02
 2.315523289e-02 2.380173653e-02 2.465374209e-02 2.572437935e-02 2.702644467e-02
 2.857262082e-02 3.037559614e-02 3.244823217e-02 3.480377793e-02 3.745613247e-02
 4.042014107e-02 4.371187836e-02 4.734874517e-02 5.138017610e-02 5.582684651e-02
 6.070651114e-02 6.606061757e-02 7.197848707e-02 7.850291580e-02 8.571848273e-02
 9.375528246e-02 1.027954817e-01 1.131042913e-01 1.250836551e-01 1.393665671e-01
 1.571305245e-01 1.727434546e-01 1.817853004e-01 1.845394373e-01 1.807156205e-01
 1.706874073e-01 1.590066999e-01 1.503908485e-01 1.435692161e-01 1.380043626e-01
 1.333541721e-01 1.293879151e-01 1.259446144e-01 1.229089126e-01 1.201963425e-01
 1.177439019e-01 1.155038923e-01 1.134397909e-01 1.115232855e-01 1.097322330e-01
 5.607967265e-03 1.271276362e-02 2.246886306e-02 2.912504785e-02 2.935837395e-02
 2.870674245e-02 2.800786123e-02 2.727757581e-02 2.653086372e-02 2.578271553e-02
 2.504818700e-02 2.434242889e-02 2.368075587e-02 2.307877131e-02 2.255257405e-02
 2.211895026e-02 2.179550566e-02 2.160076238e-02 2.155473270e-02 2.167641930e-02
 2.198315971e-02 2.249094285e-02 2.321650274e-02 2.417526767e-02 2.538159117e-02
 2.684965730e-02 2.859336697e-02 3.062642366e-02 3.296273947e-02 3.561665490e-02
 3.860320896e-02 4.193849117e-02 4.563931003e-02 4.975024611e-02 5.429680273e-02
 5.929454789e-02 6.478352845e-02 7.085033506e-02 7.753077149e-02 8.490870893e-02
 9.310775250e-02 1.023000553e-01 1.127349809e-01 1.247903779e-01 1.390773505e-01
 1.568263173e-01 1.726284176e-01 1.821263582e-01 1.857413948e-01 1.832778603e-01
 1.738562733e-01 1.616914570e-01 1.528461128e-01 1.459866911e-01 1.404547989e-01
 1.358559132e-01 1.319376230e-01 1.285301596e-01 1.255152076e-01 1.228079796e-01
 1.203465387e-01 1.180848926e-01 1.159884781e-01 1.140309796e-01 1.121921763e-01
 5.620138720e-03 1.273831911e-02 2.251335792e-02 2.918337658e-02 2.941873856e-02
 2.876300551e-02 2.804561518e-02 2.727990039e-02 2.647962980e-02 2.565884963e-02
 2.483199351e-02 2.401398495e-02 2.322035655e-02 2.246743441e-02 2.177250385e-02
 2.115415595e-02 2.063569985e-02 2.024077065e-02 1.999329776e-02 1.991698332e-02
 2.003477514e-02 2.036838979e-02 2.093771659e-02 2.175934240e-02 2.284431271e-02
 2.420932613e-02 2.586936019e-02 2.783766389e-02 3.012768179e-02 3.275278583e-02
 3.572676331e-02 3.906435892e-02 4.278209433e-02 4.689991102e-02 5.144144595e-02
 5.643167719e-02 6.189820170e-02 6.787160784e-02 7.438733429e-02 8.149061352e-02
 8.923633397e-02 9.768707305e-02 1.069060341e-01 1.169340461e-01 1.277111173e-01
 1.388431937e-01 1.487899423e-01 1.558973491e-01 1.596074849e-01 1.597756892e-01
 1.566919088e-01 1.519311816e-01 1.471374631e-01 1.427424252e-01 1.388118118e-01
 1.353014857e-01 1.321455091e-01 1.292811334e-01 1.266555041e-01 1.242263168e-01
 1.219606102e-01 1.198330000e-01 1.178240627e-01 1.159188971e-01 1.141059697e-01
 5.616520531e-03 1.272881776e-02 2.248733304e-02 2.913891152e-02 2.935470082e-02
 2.866078541e-02 2.789087407e-02 2.705610357e-02 2.616831288e-02 2.524009347e-02
 2.428480238e-02 2.331661992e-02 2.235067636e-02 2.140313759e-02 2.049407735e-02
 1.964801922e-02 1.889098808e-02 1.825009286e-02 1.775318012e-02 1.742837392e-02
 1.730356179e-02 1.740577817e-02 1.776050404e-02 1.839081384e-02 1.931652986e-02
 2.055389993e-02 2.211262099e-02 2.399555966e-02 2.621838450e-02 2.879229188e-02
 3.172763065e-02 3.503480926e-02 3.872435912e-02 4.280716926e-02 4.729433730e-02
 5.219668522e-02 5.752417073e-02 6.328501552e-02 6.948474050e-02 7.612331957e-02
 8.319012076e-02 9.065441042e-02 9.844876081e-02 1.064414233e-01 1.143951863e-01
 1.219224408e-01 1.286896467e-01 1.342480332e-01 1.381288171e-01 1.402688622e-01
 1.408493966e-01 1.402438879e-01 1.388727874e-01 1.370806694e-01 1.350852698e-01
 1.330093294e-01 1.309175044e-01 1.288426369e-01 1.268011779e-01 1.248017028e-01
 1.228489801e-01 1.209460869e-01 1.190951988e-01 1.172979400e-01 1.155554280e-01
 5.601224955e-03 1.269315463e-02 2.242813446e-02 2.903894708e-02 2.919291705e-02
 2.843394503e-02 2.758296579e-02 2.664851584e-02 2.564066276e-02 2.457046136e-02
 2.344989590e-02 2.229195833e-02 2.111067995e-02 1.992587373e-02 1.876207627e-02
 1.764605194e-02 1.660648361e-02 1.567367278e-02 1.487913821e-02 1.425513253e-02
 1.383409742e-02 1.364803128e-02 1.372779720e-02 1.410234626e-02 1.479788031e-02
 1.583685540e-02 1.723677851e-02 1.900911331e-02 2.115835249e-02 2.367542870e-02
 2.656416781e-02 2.983178198e-02 3.348164633e-02 3.751619905e-02 4.193615168e-02
 4.674008489e-02 5.192323402e-02 5.747603998e-02 6.338194013e-02 6.961410493e-02
 7.613075525e-02 8.286862075e-02 8.973486722e-02 9.659850597e-02 1.032847688e-01
 1.095795780e-01 1.153981686e-01 1.205558032e-01 1.247558072e-01 1.279384792e-01
 1.301320493e-01 1.314363778e-01 1.319933981e-01 1.319500506e-01 1.314397454e-01
 1.305726022e-01 1.294361204e-01 1.280997545e-01 1.266186833e-01 1.250372976e-01
 1.233914495e-01 1.217100099e-01 1.200159565e-01 1.183272973e-01 1.166578382e-01
 5.577375647e-03 1.263824571e-02 2.231851220e-02 2.886627614e-02 2.895374782e-02
 2.811028808e-02 2.715378255e-02 2.609226294e-02 2.493444458e-02 2.368979715e-02
 2.236866578e-02 2.098233998e-02 1.954851858e-02 1.809060387e-02 1.663483866e-02
 1.521010138e-02 1.384769101e-02 1.258097030e-02 1.144494303e-02 1.047573704e-02
 9.710014798e-03 9.184323251e-03 8.934386075e-03 8.994338103e-03 9.395911358e-03
 1.016754005e-02 1.133335475e-02 1.291202847e-02 1.491531450e-02 1.734629646e-02
 2.019871771e-02 2.344992571e-02 2.708262578e-02 3.109687008e-02 3.548529372e-02
 4.023782164e-02 4.534048587e-02 5.077426881e-02 5.651310459e-02 6.252177805e-02
 6.875333190e-02 7.514610142e-02 8.162119985e-02 8.808115870e-02 9.441193938e-02
 1.004952937e-01 1.062381715e-01 1.115191728e-01 1.161916405e-01 1.201659366e-01
 1.233987659e-01 1.258827299e-01 1.276421845e-01 1.287280768e-01 1.292088926e-01
 1.291654706e-01 1.286835968e-01 1.278472543e-01 1.267355978e-01 1.254191846e-01
 1.239583567e-01 1.224028468e-01 1.207923666e-01 1.191577315e-01 1.175221875e-01
 5.547534674e-03 1.257005427e-02 2.220561169e-02 2.868285589e-02 2.866902389e-02
 2.771742642e-02 2.663213201e-02 2.541901357e-02 2.408473939e-02 2.263674140e-02
 2.108325250e-02 1.943809353e-02 1.772256941e-02 1.596133225e-02 1.418229938e-02
 1.241650619e-02 1.069783978e-02 9.062664583e-03 7.549345959e-03 6.197681651e-03
 5.048260558e-03 4.141767975e-03 3.518252168e-03 3.216370940e-03 3.272612812e-03
 3.720484208e-03 4.589641467e-03 5.904914346e-03 7.685182150e-03 9.941978380e-03
 1.267768163e-02 1.588316262e-02 1.953626610e-02 2.359487489e-02 2.802076563e-02
 3.280485421e-02 3.792875260e-02 4.337022081e-02 4.910257086e-02 5.509313568e-02
 6.130182743e-02 6.768015772e-02 7.417025417e-02 8.070454001e-02 8.720619231e-02
 9.359006584e-02 9.976185113e-02 1.056165323e-01 1.110402197e-01 1.159169823e-01
 1.201371178e-01 1.236127093e-01 1.262867898e-01 1.281445324e-01 1.292220950e-01
 1.295960397e-01 1.293723732e-01 1.286725402e-01 1.276123226e-01 1.262940466e-01
 1.248022467e-01 1.232033819e-01 1.215477362e-01 1.198721379e-01 1.182027757e-01
 5.513478070e-03 1.249241270e-02 2.205305547e-02 2.844787575e-02 2.834700420e-02
 2.727231011e-02 2.604110911e-02 2.465721779e-02 2.312525362e-02 2.145042829e-02
 1.964113675e-02 1.771575771e-02 1.569646411e-02 1.360920817e-02 1.148368232e-02
 9.353141300e-03 7.254109718e-03 5.225955043e-03 3.310344415e-03 1.550604473e-03
-8.994553355e-06-1.323997858e-03-2.350540366e-03-3.046110738e-03-3.370293416e-03
-3.285486484e-03-2.757615875e-03-1.756890095e-03-2.586612536e-04 1.755528501e-03
 4.296631087e-03 7.366343401e-03 1.095475722e-02 1.503724139e-02 1.957212761e-02
 2.449213527e-02 2.974982373e-02 3.532861546e-02 4.120588303e-02 4.735618830e-02
 5.375158787e-02 6.036053598e-02 6.714752316e-02 7.407221943e-02 8.108791709e-02
 8.813859522e-02 9.515368938e-02 1.020397618e-01 1.086694896e-01 1.148715764e-01
 1.204333827e-01 1.251109838e-01 1.287002414e-01 1.311014146e-01 1.323404610e-01
 1.325754970e-01 1.320325881e-01 1.309302449e-01 1.294601560e-01 1.277687997e-01
 1.259608269e-01 1.241075024e-01 1.222555116e-01 1.204342321e-01 1.186612919e-01
 5.476609804e-03 1.240839437e-02 2.191532962e-02 2.822368592e-02 2.799856476e-02
 2.679103799e-02 2.540229447e-02 2.383431606e-02 2.208971791e-02 2.017150633e-02
 1.809333824e-02 1.587426476e-02 1.353747863e-02 1.111040358e-02 8.624644950e-03
 6.115803961e-03 3.623136785e-03 1.189064002e-03-1.141454792e-03-3.321657190e-03
-5.303788930e-03-7.039948832e-03-8.482925594e-03-9.586990811e-03-1.030861866e-02
-1.060711872e-02-1.044520270e-02-9.789504111e-03-8.611116558e-03-6.886246614e-03
-4.597084597e-03-1.733021229e-03 1.707671443e-03 5.715543404e-03 1.026680321e-02
 1.531921420e-02 2.080950327e-02 2.663905360e-02 3.278178349e-02 3.922218457e-02
 4.594533890e-02 5.293887481e-02 6.019239500e-02 6.769770384e-02 7.544840872e-02
 8.343778551e-02 9.165300429e-02 1.000615284e-01 1.085805520e-01 1.170124486e-01
 1.249315292e-01 1.316807568e-01 1.365809888e-01 1.392734796e-01 1.398615986e-01
 1.388532817e-01 1.369159073e-01 1.345559508e-01 1.320486516e-01 1.295497119e-01
 1.271379441e-01 1.248473674e-01 1.226881146e-01 1.206583530e-01 1.187506542e-01
 5.438319873e-03 1.232112572e-02 2.174199745e-02 2.795886248e-02 2.763620764e-02
 2.629046887e-02 2.473762259e-02 2.297785506e-02 2.101157792e-02 1.884444617e-02
 1.649197936e-02 1.397400815e-02 1.131491922e-02 8.543760516e-03 5.694206338e-03
 2.804335905e-03-8.375547623e-05-2.924527274e-03-5.669720471e-03-8.269207552e-03
-1.067192014e-02-1.282679942e-02-1.468372252e-02-1.619433798e-02-1.731278747e-02
-1.799627766e-02-1.820549928e-02-1.790493913e-02-1.706311852e-02-1.565283723e-02
-1.365156658e-02-1.104208641e-02-7.813564502e-03-3.963232972e-03 5.012183101e-04
 5.558333825e-03 1.116830762e-02 1.726717874e-02 2.376433648e-02 3.056968935e-02
 3.768640012e-02 4.511952773e-02 5.288255215e-02 6.100029498e-02 6.951270998e-02
 7.848033309e-02 8.799136430e-02 9.817120433e-02 1.091967151e-01 1.213310286e-01
 1.352828294e-01 1.472750306e-01 1.545950919e-01 1.572420746e-01 1.543860734e-01
 1.484858990e-01 1.431269199e-01 1.383987814e-01 1.342792213e-01 1.307093203e-01
 1.275976151e-01 1.248588562e-01 1.224223897e-01 1.202318296e-01 1.182427332e-01
 5.400054157e-03 1.223393902e-02 2.160168067e-02 2.772744745e-02 2.727323584e-02
 2.578841150e-02 2.407005988e-02 2.211708762e-02 1.992816851e-02 1.751344651e-02
 1.488889195e-02 1.207519602e-02 9.098037146e-03 5.988204852e-03 2.781552728e-03
-4.812551779e-04-3.755202750e-03-6.991586648e-03-1.013885718e-02-1.314360276e-02
-1.595160738e-02-1.850893348e-02-2.076294646e-02-2.266322076e-02-2.416227944e-02
-2.521612309e-02-2.578454837e-02-2.583126538e-02-2.532386035e-02-2.423370071e-02
-2.253586985e-02-2.020926960e-02-1.723708212e-02-1.360772550e-02-9.316548705e-03
-4.368447699e-03 1.218538731e-03 7.408466190e-03 1.414122153e-02 2.132664807e-02
 2.883118950e-02 3.666561097e-02 4.485534132e-02 5.344231799e-02 6.249260157e-02
 7.210670412e-02 8.243750036e-02 9.372006357e-02 1.063221395e-01 1.208209097e-01
 1.381483525e-01 1.530359536e-01 1.621219367e-01 1.656912863e-01 1.636431217e-01
 1.556571573e-01 1.460406184e-01 1.391422749e-01 1.338846684e-01 1.297166497e-01
 1.263060868e-01 1.234416589e-01 1.209826320e-01 1.188317016e-01 1.169195026e-01
 5.363151897e-03 1.215003897e-02 2.143501677e-02 2.747402713e-02 2.692674845e-02
 2.530338988e-02 2.342144214e-02 2.127837203e-02 1.887408644e-02 1.622039638e-02
 1.333380677e-02 1.023594756e-02 6.953871809e-03 3.520191880e-03-2.698680510e-05
-3.644361394e-03-7.283968385e-03-1.089395024e-02-1.441952772e-02-1.780412160e-02
-2.099056542e-02-2.392231300e-02-2.654459886e-02-2.880541421e-02-3.065628558e-02
-3.205278888e-02-3.295478970e-02-3.332640231e-02-3.313573450e-02-3.235451132e-02
-3.095760383e-02-2.892272174e-02-2.623029612e-02-2.286385186e-02-1.881100424e-02
-1.406535134e-02-8.629473858e-03-2.519276459e-03 4.230345599e-03 1.155797951e-02
 1.936648041e-02 2.751898393e-02 3.598503396e-02 4.480076581e-02 5.401864648e-02
 6.371591985e-02 7.400352508e-02 8.504118025e-02 9.706305712e-02 1.104406789e-01
 1.260791570e-01 1.395703703e-01 1.482684612e-01 1.524766088e-01 1.520525366e-01
 1.462897658e-01 1.386869103e-01 1.331972480e-01 1.289109588e-01 1.254587620e-01
 1.226086468e-01 1.202036440e-01 1.181338355e-01 1.163203120e-01 1.147052273e-01
 5.328436382e-03 1.207118854e-02 2.131010778e-02 2.726936713e-02 2.660431713e-02
 2.484741062e-02 2.281022444e-02 2.048744448e-02 1.788152754e-02 1.500448212e-02
 1.187339891e-02 8.510898799e-03 4.945453722e-03 1.211524010e-03-2.650525887e-03
-6.594776642e-03-1.057036966e-02-1.452238765e-02-1.839295216e-02-2.212249860e-02
-2.565114014e-02-2.892001905e-02-3.187258542e-02-3.445567563e-02-3.662033007e-02
-3.832231462e-02-3.952230141e-02-4.018571600e-02-4.028231651e-02-3.978557140e-02
-3.867192566e-02-3.692010045e-02-3.451058269e-02-3.142549470e-02-2.764902636e-02
-2.316871472e-02-1.797776669e-02-1.207874436e-02-5.488868337e-03 1.753052115e-03
 9.578114375e-03 1.787663251e-02 2.649100497e-02 3.533747792e-02 4.443268850e-02
 5.379415303e-02 6.343767047e-02 7.336405665e-02 8.352923393e-02 9.377402067e-02
 1.036853865e-01 1.124210805e-01 1.191807389e-01 1.235823035e-01 1.255763024e-01
 1.254770756e-01 1.240888685e-01 1.222433597e-01 1.203480586e-01 1.185615286e-01
 1.169289276e-01 1.154500246e-01 1.141082048e-01 1.128825247e-01 1.117525846e-01
 5.296527408e-03 1.199853234e-02 2.116654813e-02 2.704838477e-02 2.630198747e-02
 2.442824841e-02 2.225217409e-02 1.976751909e-02 1.697983779e-02 1.390153076e-02
 1.055036578e-02 6.949994713e-03 3.130302066e-03-8.724431391e-04-5.015697796e-03
-9.251042269e-03-1.352487877e-02-1.777941734e-02-2.195390686e-02-2.598605491e-02
-2.981353365e-02-3.337548301e-02-3.661390394e-02-3.947482258e-02-4.190918058e-02
-4.387335852e-02-4.532930627e-02-4.624433443e-02-4.659055546e-02-4.634408280e-02
-4.548408091e-02-4.399181157e-02-4.184980690e-02-3.904135898e-02-3.555052727e-02
-3.136290610e-02-2.646737173e-02-2.085916884e-02-1.454453450e-02-7.547165733e-03
 8.333530423e-05 8.261490613e-03 1.685369946e-02 2.566903085e-02 3.456231579e-02
 4.350942001e-02 5.246885866e-02 6.137284636e-02 7.011054456e-02 7.850996405e-02
 8.632814139e-02 9.329384565e-02 9.915502369e-02 1.037499756e-01 1.070577949e-01
 1.092030853e-01 1.104093194e-01 1.109351441e-01 1.110165343e-01 1.108235270e-01
 1.104670465e-01 1.100150570e-01 1.095074788e-01 1.089669913e-01 1.084060371e-01
 5.268411245e-03 1.193447411e-02 2.106392197e-02 2.688000165e-02 2.603605576e-02
 2.406071685e-02 2.176430821e-02 1.913997717e-02 1.619546302e-02 1.294355188e-02
 9.402683005e-03 5.597499665e-03 1.559222350e-03-2.674200572e-03-7.058224175e-03
-1.154215261e-02-1.606991142e-02-2.058113925e-02-2.501253597e-02-2.929941192e-02
-3.337733820e-02-3.718378022e-02-4.065958783e-02-4.375026003e-02-4.640688747e-02
-4.858668149e-02-5.025308952e-02-5.137553066e-02-5.192873254e-02-5.189181864e-02
-5.124718323e-02-4.997937009e-02-4.807399958e-02-4.551700130e-02-4.229429364e-02
-3.839214519e-02-3.379846737e-02-2.850529552e-02-2.251277119e-02-1.583489776e-02
-8.507218212e-03-5.965244491e-04 7.788164541e-03 1.648328267e-02 2.526195906e-02
 3.393547982e-02 4.245256633e-02 5.074502528e-02 5.872585252e-02 6.628867239e-02
 7.331409305e-02 7.967901975e-02 8.528061211e-02 9.005606920e-02 9.399342537e-02
 9.713327885e-02 9.956133366e-02 1.013880000e-01 1.027258113e-01 1.036781296e-01
 1.043311432e-01 1.047525033e-01 1.049934626e-01 1.050921306e-01 1.050766855e-01
 5.245127250e-03 1.188143156e-02 2.095883712e-02 2.671806701e-02 2.581626363e-02
 2.375727519e-02 2.136165835e-02 1.862373389e-02 1.555152703e-02 1.215824019e-02
 8.462950587e-03 4.491194617e-03 2.753645531e-04-4.145133775e-03-8.724033833e-03
-1.340869535e-02-1.814094745e-02-2.285825834e-02-2.749519609e-02-3.198509291e-02
-3.626180068e-02-4.026144743e-02-4.392401502e-02-4.719468206e-02-5.002480373e-02
-5.237246305e-02-5.420257524e-02-5.548657104e-02-5.620166659e-02-5.632986128e-02
-5.585672334e-02-5.477008224e-02-5.305885151e-02-5.071203411e-02-4.771818221e-02
-4.406543076e-02-3.974242136e-02-3.474026546e-02-2.905590087e-02-2.269707248e-02
-1.568914391e-02-8.083752356e-03 3.087097139e-05 8.519001305e-03 1.718672179e-02
 2.577618696e-02 3.410144150e-02 4.211362079e-02 4.975637794e-02 5.696791410e-02
 6.368461251e-02 6.984807551e-02 7.541125268e-02 8.034519851e-02 8.464398980e-02
 8.832556009e-02 9.142788500e-02 9.400364012e-02 9.611384571e-02 9.782062471e-02
 9.918269515e-02 1.002526730e-01 1.010759771e-01 1.016909406e-01 1.021294445e-01
 5.227515008e-03 1.184132602e-02 2.089582756e-02 2.661458217e-02 2.565038763e-02
 2.352838032e-02 2.105819061e-02 1.823514327e-02 1.506737620e-02 1.156838331e-02
 7.757729851e-03 3.661648836e-03-6.865449250e-04-5.246306770e-03-9.970028885e-03
-1.480356231e-02-1.968711615e-02-2.455648966e-02-2.934462391e-02-3.398334607e-02
-3.840522841e-02-4.254540056e-02-4.634324089e-02-4.974374548e-02-5.269854888e-02
-5.516649038e-02-5.711371079e-02-5.851329863e-02-5.934451520e-02-5.959174037e-02
-5.924314633e-02-5.828934908e-02-5.672207475e-02-5.453306809e-02-5.171335116e-02
-4.825306684e-02-4.414207488e-02-3.937153518e-02-3.393674269e-02-2.784144133e-02
-2.110383846e-02-1.376434974e-02-5.894924514e-03 2.390666865e-03 1.092702243e-02
 1.948932558e-02 2.779299580e-02 3.572420776e-02 4.325189069e-02 5.034260079e-02
 5.696319416e-02 6.308377534e-02 6.868129224e-02 7.374247909e-02 7.826562226e-02
 8.226107806e-02 8.575057238e-02 8.876498044e-02 9.134136140e-02 9.352025390e-02
 9.534301609e-02 9.684983641e-02 9.807835519e-02 9.906291217e-02 9.983429313e-02
 5.216174759e-03 1.181550696e-02 2.084286697e-02 2.653357200e-02 2.554370649e-02
 2.338144183e-02 2.086355351e-02 1.798611693e-02 1.475734916e-02 1.119093597e-02
 7.306764834e-03 3.131531877e-03-1.300837961e-03-5.949045066e-03-1.076459512e-02
-1.569234766e-02-2.067144588e-02-2.563660219e-02-3.051969782e-02-3.525158390e-02
-3.976400569e-02-4.399147630e-02-4.787298664e-02-5.135344341e-02-5.438469723e-02
-5.692611262e-02-5.894466117e-02-6.041455269e-02-6.131642684e-02-6.163625047e-02
-6.136395782e-02-6.049203873e-02-5.901414156e-02-5.692389607e-02-5.421407893e-02
-5.087628961e-02-4.690138996e-02-4.228080437e-02-3.700903058e-02-3.108749725e-02
-2.453005128e-02-1.737008803e-02-9.669264778e-03-1.527297194e-03 6.908178329e-03
 1.543349773e-02 2.378443629e-02 3.172183782e-02 3.923223540e-02 4.629891366e-02
 5.290451273e-02 5.903347209e-02 6.467416883e-02 6.982067972e-02 7.447401434e-02
 7.864262909e-02 8.234212548e-02 8.559442312e-02 8.842652291e-02 9.086889029e-02
 9.295391291e-02 9.471455216e-02 9.618318826e-02 9.739076346e-02 9.836623818e-02
 5.211484618e-03 1.180482097e-02 2.082925662e-02 2.650970779e-02 2.549958788e-02
 2.332104556e-02 2.078372426e-02 1.788412035e-02 1.463049743e-02 1.103663351e-02
 7.122559939e-03 2.915179357e-03-1.551316935e-03-6.235301495e-03-1.108789816e-02
-1.605354063e-02-2.107091807e-02-2.607427910e-02-3.099505417e-02-3.576368839e-02
-4.031157866e-02-4.457297921e-02-4.848672822e-02-5.199769512e-02-5.505782738e-02
-5.762670562e-02-5.967165530e-02-6.116734818e-02-6.209499389e-02-6.244120374e-02
-6.219664589e-02-6.135456264e-02-5.990938842e-02-5.785551667e-02-5.518642440e-02
-5.189432204e-02-4.797047004e-02-4.340642318e-02-3.819637746e-02-3.234087676e-02
-2.585205622e-02-1.876055077e-02-1.112393662e-02-3.036268987e-03 5.362259690e-03
 1.387724280e-02 2.225621603e-02 3.020839207e-02 3.772503510e-02 4.479473457e-02
 5.140536651e-02 5.754604936e-02 6.320890039e-02 6.839051843e-02 7.309298962e-02
 7.732436806e-02 8.109864593e-02 8.443521708e-02 8.735796064e-02 8.989416063e-02
 9.207324684e-02 9.392565489e-02 9.548182786e-02 9.677134454e-02 9.782235324e-02
 5.213624332e-03 1.180968061e-02 2.083438449e-02 2.651914395e-02 2.551963739e-02
 2.334920503e-02 2.082121745e-02 1.793223619e-02 1.469052304e-02 1.110983919e-02
 7.210176904e-03 3.018371994e-03-1.431474928e-03-6.097853649e-03-1.093202922e-02
-1.587859727e-02-2.087642252e-02-2.585993707e-02-3.076075390e-02-3.550948203e-02
-4.003766552e-02-4.427965730e-02-4.817436635e-02-5.166667327e-02-5.470846593e-02
-5.725922063e-02-5.928609148e-02-6.076351181e-02-6.167239696e-02-6.199902296e-02
-6.173365936e-02-6.086912751e-02-5.939941481e-02-5.731845647e-02-5.461930111e-02
-5.129376426e-02-4.733281210e-02-4.272785783e-02-3.747320175e-02-3.156983852e-02
-2.503085881e-02-1.788851246e-02-1.020283438e-02-2.071377123e-03 6.360984407e-03
 1.489391085e-02 2.326754108e-02 3.122161888e-02 3.874443099e-02 4.582118616e-02
 5.243640393e-02 5.857610703e-02 6.422995031e-02 6.939292699e-02 7.406642288e-02
 7.825879008e-02 8.198514581e-02 8.526668698e-02 8.812941611e-02 9.060282260e-02
 9.271842986e-02 9.450846910e-02 9.600478411e-02 9.723795205e-02 9.823676199e-02
 5.222555250e-03 1.183001138e-02 2.087322250e-02 2.657946572e-02 2.560374327e-02
 2.346522547e-02 2.097501606e-02 1.812911034e-02 1.493572351e-02 1.140848361e-02
 7.567157038e-03 3.438250162e-03-9.445793694e-04-5.540374666e-03-1.030105539e-02
-1.517195720e-02-2.009274065e-02-2.499866113e-02-2.982212603e-02-3.449448943e-02
-3.894791380e-02-4.311723262e-02-4.694163054e-02-5.036604777e-02-5.334219337e-02
-5.582912266e-02-5.779330060e-02-5.920825154e-02-6.005378067e-02-6.031483784e-02
-5.998023972e-02-5.904124677e-02-5.749020725e-02-5.531945452e-02-5.252049863e-02
-4.908385128e-02-4.499953613e-02-4.025861993e-02-3.485593572e-02-2.879430540e-02
-2.209038660e-02-1.478231419e-02-6.938911509e-03 1.330094761e-03 9.864050895e-03
 1.844343729e-02 2.678685077e-02 3.474334255e-02 4.228725657e-02 4.938983917e-02
 5.602212250e-02 6.215827912e-02 6.777839363e-02 7.287109643e-02 7.743539661e-02
 8.148122579e-02 8.502858132e-02 8.810589463e-02 9.074784815e-02 9.299263358e-02
 9.487957507e-02 9.644731879e-02 9.773246199e-02 9.876878560e-02 9.958681464e-02
 5.237993784e-03 1.186515950e-02 2.093589120e-02 2.667856216e-02 2.574900724e-02
 2.366555110e-02 2.124049701e-02 1.846893691e-02 1.535899565e-02 1.192407403e-02
 8.183544502e-03 4.163339734e-03-1.036471076e-04-4.577414133e-03-9.211012162e-03
-1.395105105e-02-1.873856783e-02-2.351023443e-02-2.819984965e-02-3.274004161e-02
-3.706406802e-02-4.110760242e-02-4.481033236e-02-4.811734334e-02-5.098006874e-02
-5.335687101e-02-5.521311611e-02-5.652084202e-02-5.725799501e-02-5.740739778e-02
-5.695547909e-02-5.589095503e-02-5.420358479e-02-5.188313127e-02-4.891875386e-02
-4.529899359e-02-4.101257771e-02-3.605029359e-02-3.040820546e-02-2.409248054e-02
-1.712600514e-02-9.556908160e-03-1.468662173e-03 7.008852903e-03 1.568890922e-02
 2.432078123e-02 3.267135099e-02 4.069314152e-02 4.833480716e-02 5.554099753e-02
 6.225587800e-02 6.842742860e-02 7.401457429e-02 7.899273187e-02 8.335687965e-02
 8.712234348e-02 9.032315016e-02 9.300684929e-02 9.522821754e-02 9.704440087e-02
 9.851051122e-02 9.967685491e-02 1.005876660e-01 1.012809053e-01 1.017886400e-01
 5.259439349e-03 1.191398501e-02 2.102249488e-02 2.681574039e-02 2.595079690e-02
 2.394388989e-02 2.160946466e-02 1.894148439e-02 1.594791189e-02 1.264181361e-02
 9.042026475e-03 5.173703656e-03 1.068702433e-03-3.234272124e-03-7.689809892e-03
-1.224626414e-02-1.684655622e-02-2.142930776e-02-2.593022957e-02-3.028372861e-02
-3.442460299e-02-3.828970715e-02-4.181949422e-02-4.495929182e-02-4.766026139e-02
-4.987990856e-02-5.158220977e-02-5.273728445e-02-5.332072079e-02-5.331259593e-02
-5.269632861e-02-5.145744979e-02-4.958251864e-02-4.705825076e-02-4.387112707e-02
-4.000764713e-02-3.545551002e-02-3.020596318e-02-2.425760031e-02-1.762195304e-02
-1.033101976e-02-2.446712460e-03 5.927905440e-03 1.463699341e-02 2.346125618e-02
 3.215681389e-02 4.066922888e-02 4.893333092e-02 5.686759949e-02 6.437472254e-02
 7.134686410e-02 7.768076658e-02 8.328991383e-02 8.811981231e-02 9.215987474e-02
 9.544461966e-02 9.804388881e-02 1.000505835e-01 1.015663743e-01 1.026863307e-01
 1.034918875e-01 1.040488631e-01 1.044085249e-01 1.046100706e-01 1.046832278e-01
 5.286197178e-03 1.197490748e-02 2.113454603e-02 2.699159458e-02 2.620268054e-02
 2.429122105e-02 2.206983045e-02 1.953214407e-02 1.668491960e-02 1.354087703e-02
 1.011824049e-02 6.441255566e-03 2.540549729e-03-1.546728658e-03-5.777027924e-03
-1.010081824e-02-1.446332410e-02-1.880555414e-02-2.306558937e-02-2.718005143e-02
-3.108566999e-02-3.472083434e-02-3.802702203e-02-4.095000401e-02-4.344072193e-02
-4.545582831e-02-4.695779085e-02-4.791464657e-02-4.829937965e-02-4.808909446e-02
-4.726396501e-02-4.580621794e-02-4.369922355e-02-4.092686996e-02-3.747348860e-02
-3.332445398e-02-2.846783586e-02-2.289727144e-02-1.661645062e-02-9.645430371e-03
-2.028858522e-03 6.153600756e-03 1.477606222e-02 2.365381643e-02 3.258024529e-02
 4.152278602e-02 5.043669418e-02 5.925100669e-02 6.785595417e-02 7.609117031e-02
 8.374781162e-02 9.058520943e-02 9.639585018e-02 1.010549888e-01 1.045424044e-01
 1.069473326e-01 1.084538773e-01 1.092861071e-01 1.096473932e-01 1.096971259e-01
 1.095460132e-01 1.092657968e-01 1.089013070e-01 1.084800139e-01 1.080185398e-01
 5.317399278e-03 1.204594504e-02 2.125748619e-02 2.718787454e-02 2.649635449e-02
 2.469648793e-02 2.260703780e-02 2.022289857e-02 1.754807867e-02 1.459501591e-02
 1.138132438e-02 7.930283435e-03 4.271172453e-03 4.394159187e-04-3.523515537e-03
-7.570477203e-03-1.164930407e-02-1.570373774e-02-1.967458241e-02-2.350103855e-02
-2.712212689e-02-3.047809936e-02-3.351175040e-02-3.616953269e-02-3.840238973e-02
-4.016625881e-02-4.142224044e-02-4.213639349e-02-4.227926210e-02-4.182516411e-02
-4.075138643e-02-3.903738782e-02-3.666416556e-02-3.361399844e-02-2.987075970e-02
-2.542101406e-02-2.025619894e-02-1.437614486e-02-7.794152480e-03-5.438282969e-04
 7.312017959e-03 1.567195915e-02 2.438349463e-02 3.329944238e-02 4.242632166e-02
 5.177373439e-02 6.134444848e-02 7.112154365e-02 8.103704453e-02 9.089873731e-02
 1.002523378e-01 1.084568352e-01 1.149530262e-01 1.194281876e-01 1.218432635e-01
 1.224475279e-01 1.217685044e-01 1.204557121e-01 1.189619303e-01 1.174807772e-01
 1.160828695e-01 1.147868410e-01 1.135896519e-01 1.124800071e-01 1.114443839e-01
 5.352048203e-03 1.212481875e-02 2.140490897e-02 2.741795592e-02 2.682202682e-02
 2.514711581e-02 2.320527285e-02 2.099310048e-02 1.851166785e-02 1.577314176e-02
 1.279451977e-02 9.598086588e-03 6.211716216e-03 2.669020556e-03-9.907367639e-04
-4.722958431e-03-8.478288539e-03-1.220343262e-02-1.584218070e-02-1.933660172e-02
-2.262829989e-02-2.565970458e-02-2.837524749e-02-3.072238527e-02-3.265238926e-02
-3.412084281e-02-3.508785740e-02-3.551796824e-02-3.537983820e-02-3.464574367e-02
-3.329105303e-02-3.129374981e-02-2.863421291e-02-2.529542334e-02-2.126380801e-02
-1.653097756e-02-1.109656319e-02-4.972362425e-03 1.811867580e-03 9.201128967e-03
 1.710777171e-02 2.539989166e-02 3.398612887e-02 4.289635271e-02 5.217825621e-02
 6.189923361e-02 7.215439528e-02 8.307645470e-02 9.485238045e-02 1.077615619e-01
 1.220024824e-01 1.341623217e-01 1.423229426e-01 1.466217637e-01 1.469298601e-01
 1.427958757e-01 1.367330253e-01 1.318357587e-01 1.279258132e-01 1.247290820e-01
 1.220613867e-01 1.197923943e-01 1.178276762e-01 1.160976961e-01 1.145505458e-01
 5.389078055e-03 1.220912207e-02 2.154813707e-02 2.764790878e-02 2.717077173e-02
 2.562943473e-02 2.384597994e-02 2.181875892e-02 1.954604127e-02 1.703958027e-02
 1.431570947e-02 1.139571238e-02 8.306067437e-03 5.078563932e-03 1.750231138e-03
-1.636939705e-03-5.036494695e-03-8.398229256e-03-1.166908816e-02-1.479420811e-02
-1.771803573e-02-2.038546652e-02-2.274291031e-02-2.473922633e-02-2.632647194e-02
-2.746041864e-02-2.810082957e-02-2.821152098e-02-2.776024677e-02-2.671848796e-02
-2.506127395e-02-2.276714705e-02-1.981845312e-02-1.620215923e-02-1.191136707e-02
-6.947742775e-03-1.325119287e-03 4.925465211e-03 1.174980588e-02 1.906313933e-02
 2.674055472e-02 3.473689780e-02 4.307708144e-02 5.180409551e-02 6.098350883e-02
 7.071487606e-02 8.114849031e-02 9.251327813e-02 1.051622108e-01 1.196387187e-01
 1.363409907e-01 1.505554765e-01 1.594276428e-01 1.632211953e-01 1.618586630e-01
 1.548506916e-01 1.458409876e-01 1.389905363e-01 1.337653846e-01 1.296272725e-01
 1.262463033e-01 1.234110817e-01 1.209804192e-01 1.188565642e-01 1.169698685e-01
 5.427334458e-03 1.229624357e-02 2.171362750e-02 2.790513635e-02 2.753061801e-02
 2.612751909e-02 2.450781874e-02 2.267126553e-02 2.061766572e-02 1.835466921e-02
 1.589829288e-02 1.326902397e-02 1.049207430e-02 7.597503718e-03 4.620169289e-03
 1.599489711e-03-1.420979854e-03-4.394164775e-03-7.270246744e-03-9.997572750e-03
-1.252363436e-02-1.479607448e-02-1.676364429e-02-1.837707125e-02-1.958977617e-02
-2.035842836e-02-2.064333111e-02-2.040865645e-02-1.962259226e-02-1.825748011e-02
-1.629006490e-02-1.370200142e-02-1.048075594e-02-6.621085107e-03-2.127298852e-03
 2.983466256e-03 8.677141741e-03 1.489820890e-02 2.156297676e-02 2.854155377e-02
 3.583316132e-02 4.344218597e-02 5.138387904e-02 5.968613550e-02 6.839469820e-02
 7.757970691e-02 8.734583110e-02 9.784806520e-02 1.093201563e-01 1.221423298e-01
 1.367143691e-01 1.489901543e-01 1.564905494e-01 1.593116373e-01 1.565954834e-01
 1.506080329e-01 1.447797716e-01 1.394773722e-01 1.350279748e-01 1.312612444e-01
 1.280286908e-01 1.252148002e-01 1.227317303e-01 1.205128655e-01 1.185073853e-01
 5.465563852e-03 1.238333434e-02 2.185849100e-02 2.813981287e-02 2.789155021e-02
 2.662636712e-02 2.517046221e-02 2.352529019e-02 2.169293351e-02 1.967693307e-02
 1.749281026e-02 1.516021695e-02 1.270315889e-02 1.015005819e-02 7.533697411e-03
 4.891010933e-03 2.262715949e-03-3.072175023e-04-2.772238106e-03-5.083998200e-03
-7.193212397e-03-9.050546214e-03-1.060748752e-02-1.181715075e-02-1.263500191e-02
-1.301946212e-02-1.293243095e-02-1.233973075e-02-1.121155545e-02-9.523010813e-03
-7.254850585e-03-4.394541029e-03-9.378456161e-04 3.108873032e-03 7.725623436e-03
 1.287528779e-02 1.849829033e-02 2.450531162e-02 3.082408011e-02 3.744027391e-02
 4.434271902e-02 5.152145028e-02 5.896908417e-02 6.668203324e-02 7.466075569e-02
 8.290899545e-02 9.142997861e-02 1.002152860e-01 1.092157364e-01 1.182628199e-01
 1.268828064e-01 1.341946721e-01 1.394044757e-01 1.421512216e-01 1.425085217e-01
 1.411073059e-01 1.387483478e-01 1.359897852e-01 1.331753433e-01 1.304531842e-01
 1.278815269e-01 1.254767179e-01 1.232358068e-01 1.211476028e-01 1.191980764e-01
 5.502413958e-03 1.246733684e-02 2.202178910e-02 2.839222364e-02 2.824058197e-02
 2.710877173e-02 2.581135556e-02 2.435157448e-02 2.273353562e-02 2.096177451e-02
 1.904718205e-02 1.700889319e-02 1.486992650e-02 1.265724096e-02 1.040169690e-02
 8.137873374e-03 5.903743673e-03 3.740228014e-03 1.690606121e-03-2.001606335e-04
-1.886185608e-03-3.321449971e-03-4.460601602e-03-5.259728525e-03-5.677094217e-03
-5.673828535e-03-5.214591976e-03-4.268262070e-03-2.808698919e-03-8.156781550e-04
 1.723880763e-03 4.814212676e-03 8.448525332e-03 1.260644849e-02 1.725019887e-02
 2.232084051e-02 2.773064747e-02 3.346756846e-02 3.950721771e-02 4.582529888e-02
 5.239479989e-02 5.918586999e-02 6.616511196e-02 7.329466939e-02 8.053083718e-02
 8.782134950e-02 9.510006011e-02 1.022775695e-01 1.092258617e-01 1.157598272e-01
 1.216298938e-01 1.265664697e-01 1.303367913e-01 1.328184009e-01 1.340480000e-01
 1.341921389e-01 1.334960759e-01 1.322227120e-01 1.305879503e-01 1.287519038e-01
 1.268234551e-01 1.248728335e-01 1.229436100e-01 1.210616082e-01 1.192411333e-01
 5.536434706e-03 1.254495513e-02 2.214631811e-02 2.859789133e-02 2.856414765e-02
 2.755691111e-02 2.640766092e-02 2.512167953e-02 2.370517328e-02 2.216505259e-02
 2.050903812e-02 1.875407435e-02 1.692228578e-02 1.503930613e-02 1.313419454e-02
 1.123928279e-02 9.389888495e-03 7.623919751e-03 5.981368013e-03 4.503707401e-03
 3.233222757e-03 2.212290419e-03 1.482629217e-03 1.084540621e-03 1.056143548e-03
 1.432592049e-03 2.245256444e-03 3.520809347e-03 5.280143116e-03 7.537025958e-03
 1.029644441e-02 1.355274487e-02 1.728675701e-02 2.146313153e-02 2.601626143e-02
 3.093355149e-02 3.619468585e-02 4.177869484e-02 4.765937477e-02 5.380452424e-02
 6.017518789e-02 6.672418863e-02 7.339484245e-02 8.011987805e-02 8.682046831e-02
 9.340614080e-02 9.977699816e-02 1.058268622e-01 1.114446446e-01 1.165142804e-01
 1.209207624e-01 1.245600730e-01 1.273608655e-01 1.293011010e-01 1.304122210e-01
 1.307779849e-01 1.305165440e-01 1.297572255e-01 1.286267787e-01 1.272359937e-01
 1.256749928e-01 1.240133196e-01 1.223024428e-01 1.205792725e-01 1.188694388e-01
 5.566064734e-03 1.261269674e-02 2.228410356e-02 2.880826965e-02 2.884932049e-02
 2.795267850e-02 2.693601511e-02 2.580637857e-02 2.457199618e-02 2.324189059e-02
 2.182592265e-02 2.033523843e-02 1.879120246e-02 1.721814647e-02 1.564341597e-02
 1.409715787e-02 1.261207741e-02 1.122307125e-02 9.966774844e-03 8.881025948e-03
 8.004256524e-03 7.374816574e-03 7.030265871e-03 7.006610744e-03 7.337499876e-03
 8.053358644e-03 9.180402383e-03 1.073951554e-02 1.274494641e-02 1.520270854e-02
 1.810856909e-02 2.144617029e-02 2.517589740e-02 2.929438092e-02 3.379281983e-02
 3.866101056e-02 4.388479143e-02 4.944478348e-02 5.531499535e-02 6.146082282e-02
 6.783650070e-02 7.438252866e-02 8.102327585e-02 8.766555041e-02 9.419840574e-02
 1.004890501e-01 1.063700244e-01 1.117132381e-01 1.164516807e-01 1.205165088e-01
 1.238571033e-01 1.264548302e-01 1.283229440e-01 1.295011938e-01 1.300524026e-01
 1.300545633e-01 1.295941025e-01 1.287596375e-01 1.276350766e-01 1.262957603e-01
 1.248061359e-01 1.232191324e-01 1.215767190e-01 1.199111566e-01 1.182465553e-01
 5.589494482e-03 1.266654674e-02 2.236468345e-02 2.894844860e-02 2.908181027e-02
 2.827694453e-02 2.737202868e-02 2.637593262e-02 2.529871278e-02 2.415125258e-02
 2.294527553e-02 2.169337496e-02 2.041042782e-02 1.911971904e-02 1.784692332e-02
 1.662005112e-02 1.546918135e-02 1.442613639e-02 1.352406759e-02 1.279696357e-02
 1.227908302e-02 1.200432051e-02 1.200550608e-02 1.231363416e-02 1.295701042e-02
 1.396031026e-02 1.534357667e-02 1.712090895e-02 1.929919980e-02 2.187552676e-02
 2.482945286e-02 2.817168459e-02 3.190398961e-02 3.602806479e-02 4.054400697e-02
 4.544942454e-02 5.073859915e-02 5.640111491e-02 6.241971627e-02 6.876715273e-02
 7.540188730e-02 8.226244152e-02 8.926068246e-02 9.627586603e-02 1.031524464e-01
 1.097058281e-01 1.155922413e-01 1.206004769e-01 1.247481406e-01 1.279637367e-01
 1.302520037e-01 1.316856146e-01 1.323780417e-01 1.324609965e-01 1.320576966e-01
 1.312742680e-01 1.301984489e-01 1.289017349e-01 1.274427623e-01 1.258696169e-01
 1.242216602e-01 1.225307658e-01 1.208223775e-01 1.191163808e-01 1.174279898e-01
 5.604413804e-03 1.270135958e-02 2.244652808e-02 2.907124162e-02 2.924220636e-02
 2.850643918e-02 2.768823504e-02 2.679844759e-02 2.584906295e-02 2.485270239e-02
 2.382266149e-02 2.277299389e-02 2.171862312e-02 2.067648806e-02 1.967066713e-02
 1.872695424e-02 1.787270792e-02 1.713653095e-02 1.654789038e-02 1.613664627e-02
 1.593252085e-02 1.596447639e-02 1.626001857e-02 1.684442721e-02 1.773986407e-02
 1.896437630e-02 2.053102292e-02 2.244453318e-02 2.470563166e-02 2.732798085e-02
 3.032020479e-02 3.369255736e-02 3.745511547e-02 4.161802307e-02 4.619135708e-02
 5.118478462e-02 5.660691112e-02 6.246447563e-02 6.876066327e-02 7.549268007e-02
 8.264651150e-02 9.018751979e-02 9.804459661e-02 1.060853302e-01 1.140854210e-01
 1.217192262e-01 1.283948123e-01 1.336804330e-01 1.374866366e-01 1.397246420e-01
 1.405140907e-01 1.401539147e-01 1.390217692e-01 1.374291331e-01 1.355901062e-01
 1.336320937e-01 1.316260993e-01 1.296111345e-01 1.276090145e-01 1.256328374e-01
 1.236911491e-01 1.217900962e-01 1.199343503e-01 1.181274727e-01 1.163720936e-01
 5.607705098e-03 1.271028258e-02 2.245127037e-02 2.909317985e-02 2.930791117e-02
 2.861333638e-02 2.785198018e-02 2.703727968e-02 2.618310042e-02 2.530358732e-02
 2.441320568e-02 2.352686226e-02 2.266006544e-02 2.182909660e-02 2.105139196e-02
 2.035051584e-02 1.975090057e-02 1.927770674e-02 1.895644702e-02 1.881253906e-02
 1.887078397e-02 1.915476471e-02 1.968616620e-02 2.048410848e-02 2.156381682e-02
 2.293373644e-02 2.460805885e-02 2.660103329e-02 2.892498672e-02 3.159308806e-02
 3.461871296e-02 3.801607341e-02 4.180123284e-02 4.599325731e-02 5.061535910e-02
 5.569225922e-02 6.125007942e-02 6.731613725e-02 7.392323017e-02 8.111193776e-02
 8.893007040e-02 9.742909670e-02 1.066542193e-01 1.166157275e-01 1.271986216e-01
 1.378359050e-01 1.471233368e-01 1.538405418e-01 1.575316936e-01 1.580869704e-01
 1.557646245e-01 1.516837031e-01 1.472756416e-01 1.431356817e-01 1.393784285e-01
 1.359876096e-01 1.329139471e-01 1.301052719e-01 1.275157779e-01 1.251081079e-01
 1.228529215e-01 1.207275838e-01 1.187147573e-01 1.168011650e-01 1.149765626e-01
 5.594780203e-03 1.268330310e-02 2.242325991e-02 2.905301191e-02 2.924682014e-02
 2.855867334e-02 2.782002650e-02 2.704641037e-02 2.625342831e-02 2.545619197e-02
 2.466974407e-02 2.390920743e-02 2.318990231e-02 2.252753451e-02 2.193836682e-02
 2.143954672e-02 2.105196565e-02 2.079712413e-02 2.069630101e-02 2.077016048e-02
 2.103827894e-02 2.151844278e-02 2.222525515e-02 2.317282371e-02 2.437696606e-02
 2.585162409e-02 2.761063352e-02 2.966778912e-02 3.203684464e-02 3.473186493e-02
 3.776760399e-02 4.115983099e-02 4.492494836e-02 4.910536855e-02 5.372983962e-02
 5.881601200e-02 6.440357864e-02 7.057306916e-02 7.735769451e-02 8.483927697e-02
 9.313671291e-02 1.024139002e-01 1.129056439e-01 1.249640211e-01 1.391569376e-01
 1.563802063e-01 1.708628535e-01 1.797394007e-01 1.833654493e-01 1.815848202e-01
 1.736355871e-01 1.621226072e-01 1.534814537e-01 1.467512399e-01 1.413034350e-01
 1.367599368e-01 1.328776330e-01 1.294924021e-01 1.264894605e-01 1.237864643e-01
 1.213232651e-01 1.190552115e-01 1.169487983e-01 1.149785891e-01 1.131250560e-01
 5.558482371e-03 1.260471344e-02 2.228024229e-02 2.885115705e-02 2.900565788e-02
 2.828092314e-02 2.752843872e-02 2.676401846e-02 2.600084618e-02 2.525430545e-02
 2.453986369e-02 2.387243509e-02 2.326647565e-02 2.273626067e-02 2.229620516e-02
 2.196109854e-02 2.174641192e-02 2.166893892e-02 2.174544521e-02 2.199128456e-02
 2.242090367e-02 2.304901928e-02 2.388940938e-02 2.495535463e-02 2.626002766e-02
 2.781635150e-02 2.963715047e-02 3.173536807e-02 3.412430361e-02 3.681787103e-02
 3.983087838e-02 4.317928478e-02 4.688023403e-02 5.098273978e-02 5.551080406e-02
 6.048393250e-02 6.594433635e-02 7.197958976e-02 7.863108069e-02 8.598561585e-02
 9.417619556e-02 1.033895388e-01 1.138982996e-01 1.261157095e-01 1.406857520e-01
 1.585027426e-01 1.731455028e-01 1.816983670e-01 1.844706237e-01 1.812973619e-01
 1.723547429e-01 1.606123894e-01 1.518096477e-01 1.448811144e-01 1.392498612e-01
 1.345552206e-01 1.305565536e-01 1.270874590e-01 1.240294501e-01 1.212962866e-01
 1.188239381e-01 1.165641844e-01 1.144802198e-01 1.125436425e-01 1.107323244e-01
 5.487008020e-03 1.245044358e-02 2.203260548e-02 2.848299220e-02 2.846338227e-02
 2.764762565e-02 2.689612471e-02 2.611604892e-02 2.535350248e-02 2.463031746e-02
 2.396269329e-02 2.336424403e-02 2.284725755e-02 2.242344804e-02 2.210441977e-02
 2.190193534e-02 2.182801999e-02 2.189498022e-02 2.211513557e-02 2.250052616e-02
 2.306288108e-02 2.381373011e-02 2.476431988e-02 2.592568845e-02 2.730875835e-02
 2.892444842e-02 3.078380972e-02 3.289819136e-02 3.527942300e-02 3.794008866e-02
 4.089385271e-02 4.415598139e-02 4.774436355e-02 5.168214068e-02 5.599884689e-02
 6.072431803e-02 6.589259207e-02 7.154036313e-02 7.771166414e-02 8.446628600e-02
 9.188096225e-02 1.000511199e-01 1.090922877e-01 1.191356927e-01 1.302988678e-01
 1.424017400e-01 1.531998962e-01 1.598291248e-01 1.618830115e-01 1.589836478e-01
 1.533677429e-01 1.476655900e-01 1.422683746e-01 1.373847425e-01 1.330472231e-01
 1.292095780e-01 1.258039474e-01 1.227630898e-01 1.200276092e-01 1.175475121e-01
 1.152816042e-01 1.131962687e-01 1.112641841e-01 1.094631627e-01 1.077751592e-01
 5.354874767e-03 1.217025332e-02 2.156955749e-02 2.784903161e-02 2.772832289e-02
 2.677891031e-02 2.586569823e-02 2.500607446e-02 2.421314828e-02 2.349621244e-02
 2.286453918e-02 2.232616208e-02 2.188870870e-02 2.155998349e-02 2.134820074e-02
 2.126201056e-02 2.131038718e-02 2.150246315e-02 2.184735611e-02 2.235403657e-02
 2.303127386e-02 2.388763428e-02 2.493153512e-02 2.617131174e-02 2.761531807e-02
 2.927200869e-02 3.115005419e-02 3.325844184e-02 3.560661152e-02 3.820462152e-02
 4.106333479e-02 4.419468343e-02 4.761197418e-02 5.132999271e-02 5.536509305e-02
 5.973451957e-02 6.445593387e-02 6.954691559e-02 7.502472401e-02 8.090443909e-02
 8.719465137e-02 9.388849884e-02 1.009462103e-01 1.082620472e-01 1.156071126e-01
 1.225562319e-01 1.284927875e-01 1.327878237e-01 1.351032704e-01 1.354829073e-01
 1.343665719e-01 1.323301643e-01 1.298077554e-01 1.271013916e-01 1.243899092e-01
 1.217696071e-01 1.192857623e-01 1.169541851e-01 1.147747040e-01 1.127391309e-01
 1.108358130e-01 1.090520918e-01 1.073756367e-01 1.057950258e-01 1.043000370e-01
 5.100744311e-03 1.163677964e-02 2.072525397e-02 2.669998445e-02 2.631794848e-02
 2.518677153e-02 2.415211126e-02 2.323053218e-02 2.242712304e-02 2.173896506e-02
 2.116387337e-02 2.070142142e-02 2.035356872e-02 2.012444660e-02 2.001979388e-02
 2.004630491e-02 2.021105960e-02 2.052108757e-02 2.098306827e-02 2.160323784e-02
 2.238741331e-02 2.334110625e-02 2.446966618e-02 2.577843703e-02 2.727287076e-02
 2.895862423e-02 3.084161319e-02 3.292804584e-02 3.522444144e-02 3.773761541e-02
 4.047467560e-02 4.344294965e-02 4.664985836e-02 5.010269210e-02 5.380811170e-02
 5.777154118e-02 6.199624389e-02 6.648197025e-02 7.122284919e-02 7.620425522e-02
 8.139796555e-02 8.675508201e-02 9.219635278e-02 9.760101885e-02 1.027981564e-01
 1.075705513e-01 1.116817296e-01 1.149308011e-01 1.171959862e-01 1.184742600e-01
 1.188643798e-01 1.185347438e-01 1.176810339e-01 1.164737865e-01 1.150490716e-01
 1.135068983e-01 1.119164824e-01 1.103233248e-01 1.087558493e-01 1.072307080e-01
 1.057567373e-01 1.043377072e-01 1.029742435e-01 1.016650870e-01 1.004079282e-01
 4.591157660e-03 1.056507602e-02 1.902205124e-02 2.446222119e-02 2.375427075e-02
 2.248820849e-02 2.142804861e-02 2.055324055e-02 1.984342001e-02 1.926763728e-02
 1.880987547e-02 1.846410707e-02 1.823102124e-02 1.811559685e-02 1.812511124e-02
 1.826760173e-02 1.855061203e-02 1.898040995e-02 1.956180297e-02 2.029818669e-02
 2.119197510e-02 2.224505320e-02 2.345919237e-02 2.483634837e-02 2.637885138e-02
 2.808945253e-02 2.997131087e-02 3.202790767e-02 3.426292911e-02 3.668011352e-02
 3.928305209e-02 4.207497090e-02 4.505838081e-02 4.823470488e-02 5.160368234e-02
 5.516265705e-02 5.890556052e-02 6.282161176e-02 6.689362973e-02 7.109581679e-02
 7.539114356e-02 7.972838730e-02 8.403953165e-02 8.823851496e-02 9.222321957e-02
 9.588214010e-02 9.910658747e-02 1.018053740e-01 1.039227396e-01 1.054451242e-01
 1.064030379e-01 1.068594009e-01 1.068933457e-01 1.065904871e-01 1.060312018e-01
 1.052850336e-01 1.044087783e-01 1.034467965e-01 1.024326161e-01 1.013908461e-01
 1.003391445e-01 9.928985685e-02 9.825139493e-02 9.722932428e-02 9.622714669e-02
 3.591943067e-03 8.328209631e-03 1.534094103e-02 1.980523020e-02 1.896147244e-02
 1.801461354e-02 1.736906171e-02 1.686872728e-02 1.645869389e-02 1.612159237e-02
 1.585441083e-02 1.566343941e-02 1.556095108e-02 1.556261815e-02 1.568512246e-02
 1.594338566e-02 1.634860598e-02 1.690735668e-02 1.762151346e-02 1.848977804e-02
 1.950906031e-02 2.067591995e-02 2.198747732e-02 2.344185486e-02 2.503826842e-02
 2.677690051e-02 2.865867503e-02 3.068498708e-02 3.285742179e-02 3.517745808e-02
 3.764617443e-02 4.026393220e-02 4.302999005e-02 4.594209045e-02 4.899593443e-02
 5.218457058e-02 5.549764261e-02 5.892052501e-02 6.243333220e-02 6.600984186e-02
 6.961652637e-02 7.321181148e-02 7.674595714e-02 8.016200364e-02 8.339811116e-02
 8.639164269e-02 8.908466995e-02 9.143031389e-02 9.339733422e-02 9.497375041e-02
 9.616645426e-02 9.699911624e-02 9.750812501e-02 9.773635119e-02 9.772870690e-02
 9.752850235e-02 9.717505425e-02 9.670250118e-02 9.613951296e-02 9.550953656e-02
 9.483136982e-02 9.411980957e-02 9.338637441e-02 9.263990819e-02 9.188715369e-02
 2.184896497e-03 4.767912906e-03 7.826281711e-03 1.033534389e-02 1.167430822e-02
 1.227973308e-02 1.254899334e-02 1.264340617e-02 1.263793558e-02 1.258007158e-02
 1.250444073e-02 1.244360674e-02 1.243240386e-02 1.250871830e-02 1.270994078e-02
 1.306749694e-02 1.360020693e-02 1.431156322e-02 1.519373897e-02 1.623258553e-02
 1.741360314e-02 1.872475818e-02 2.015744336e-02 2.170628868e-02 2.336845919e-02
 2.514290810e-02 2.702970803e-02 2.902949974e-02 3.114303388e-02 3.337079659e-02
 3.571267426e-02 3.816761076e-02 4.073328525e-02 4.340577126e-02 4.617913067e-02
 4.904501140e-02 5.199218541e-02 5.500607938e-02 5.806832761e-02 6.115638837e-02
 6.424334645e-02 6.729798019e-02 7.028524578e-02 7.316728681e-02 7.590510696e-02
 7.846077532e-02 8.079995215e-02 8.289443702e-02 8.472451568e-02 8.628015220e-02
 8.756142110e-02 8.857757598e-02 8.934516460e-02 8.988619596e-02 9.022576362e-02
 9.039002657e-02 9.040463716e-02 9.029362351e-02 9.007868916e-02 8.977895230e-02
 8.941087127e-02 8.898837864e-02 8.852311224e-02 8.802470565e-02 8.750104904e-02
 1.166642760e-03 2.478375332e-03 4.008247517e-03 5.506249610e-03 6.784978788e-03
 7.755285129e-03 8.397689089e-03 8.784080856e-03 8.995049633e-03 9.075928479e-03
 9.063840844e-03 8.999612182e-03 8.935777470e-03 8.944564499e-03 9.116767906e-03
 9.530359879e-03 1.021895185e-02 1.116338093e-02 1.230914611e-02 1.360530406e-02
 1.501582284e-02 1.651907153e-02 1.810417324e-02 1.976660639e-02 2.150542103e-02
 2.332150005e-02 2.521653101e-02 2.719232999e-02 2.925039642e-02 3.139159456e-02
 3.361587226e-02 3.592205048e-02 3.830757365e-02 4.076829553e-02 4.329825193e-02
 4.588942230e-02 4.853150249e-02 5.121172220e-02 5.391469225e-02 5.662235245e-02
 5.931407213e-02 6.196689978e-02 6.455610693e-02 6.705591083e-02 6.944052875e-02
 7.168536633e-02 7.376834750e-02 7.567115128e-02 7.738025486e-02 7.888755947e-02
 8.019059896e-02 8.129231632e-02 8.220037073e-02 8.292619139e-02 8.348389715e-02
 8.388922364e-02 8.415858448e-02 8.430825174e-02 8.435383439e-02 8.430981636e-02
 8.418937773e-02 8.400428295e-02 8.376488090e-02 8.348016441e-02 8.315789700e-02
 6.363077555e-04 1.360919443e-03 2.240587957e-03 3.167132847e-03 4.046197981e-03
 4.804629833e-03 5.371870939e-03 5.743641872e-03 5.940704141e-03 5.971034523e-03
 5.838966928e-03 5.550950766e-03 5.131183192e-03 4.657896701e-03 4.445805214e-03
 4.819211084e-03 5.865226965e-03 7.403641474e-03 9.085967205e-03 1.080188807e-02
 1.252763066e-02 1.426363830e-02 1.601686887e-02 1.779521257e-02 1.960636862e-02
 2.145725675e-02 2.335372381e-02 2.530043945e-02 2.730085514e-02 2.935714833e-02
 3.147017956e-02 3.363941610e-02 3.586288169e-02 3.813702986e-02 4.045668989e-02
 4.281497374e-02 4.520321265e-02 4.761090502e-02 5.002576113e-02 5.243375525e-02
 5.481931195e-02 5.716558546e-02 5.945486575e-02 6.166910380e-02 6.379052252e-02
 6.580235064e-02 6.768948585e-02 6.943921000e-02 7.104168832e-02 7.249035686e-02
 7.378206402e-02 7.491699606e-02 7.589840144e-02 7.673213631e-02 7.742617279e-02
 7.798998803e-02 7.843402028e-02 7.876917720e-02 7.900636643e-02 7.915621996e-02
 7.922881097e-02 7.923351973e-02 7.917893678e-02 7.907282561e-02 7.892215252e-02
 3.631285217e-04 7.830062532e-04 1.303746714e-03 1.869523665e-03 2.424408449e-03
 2.918698126e-03 3.304724349e-03 3.551181639e-03 3.633627202e-03 3.525755601e-03
 3.196347272e-03 2.597744111e-03 1.650713966e-03 1.906206599e-04-7.509464631e-04
-4.869301629e-04 1.107841497e-03 3.797443584e-03 6.170305423e-03 8.319930173e-03
 1.033082884e-02 1.225646678e-02 1.413379144e-02 1.598711126e-02 1.783519611e-02
 1.969174854e-02 2.156670205e-02 2.346739359e-02 2.539909445e-02 2.736531198e-02
 2.936789766e-02 3.140712902e-02 3.348177299e-02 3.558911383e-02 3.772497922e-02
 3.988376632e-02 4.205846786e-02 4.424072430e-02 4.642090201e-02 4.858822748e-02
 5.073095113e-02 5.283658579e-02 5.489221588e-02 5.688484758e-02 5.880179256e-02
 6.063110381e-02 6.236199290e-02 6.398518384e-02 6.549324840e-02 6.688079983e-02
 6.814461201e-02 6.928361952e-02 7.029880583e-02 7.119300216e-02 7.197064161e-02
 7.263743877e-02 7.320003211e-02 7.366570830e-02 7.404205203e-02 7.433673739e-02
 7.455729693e-02 7.471096516e-02 7.480461150e-02 7.484462112e-02 7.483690977e-02
 2.156126720e-04 4.674246593e-04 7.840693579e-04 1.133737969e-03 1.480592182e-03
 1.780889928e-03 2.008059062e-03 2.128614811e-03 2.109097550e-03 1.912422944e-03
 1.492830575e-03 7.894263836e-04-2.806379925e-04-1.850094413e-03-2.812325023e-03
-2.457886469e-03-7.196235820e-04 2.101193881e-03 4.566958174e-03 6.779930089e-03
 8.831378073e-03 1.077884343e-02 1.266052015e-02 1.450249460e-02 1.632324420e-02
 1.813655347e-02 1.995281316e-02 2.177991532e-02 2.362376824e-02 2.548835613e-02
 2.737592347e-02 2.928712033e-02 3.122113086e-02 3.317579627e-02 3.514772654e-02
 3.713235259e-02 3.912403435e-02 4.111612961e-02 4.310107976e-02 4.507055879e-02
 4.701561481e-02 4.892684519e-02 5.079463124e-02 5.260936543e-02 5.436171219e-02
 5.604287982e-02 5.764486268e-02 5.916066095e-02 6.058447808e-02 6.191183627e-02
 6.313965470e-02 6.426624209e-02 6.529130042e-02 6.621591002e-02 6.704240292e-02
 6.777422130e-02 6.841570139e-02 6.897178292e-02 6.944778562e-02 6.984923035e-02
 7.018166780e-02 7.045058906e-02 7.066132128e-02 7.081898302e-02 7.092840970e-02
 1.339556475e-04 2.915818477e-04 4.917877959e-04 7.157443324e-04 9.396088426e-04
 1.128214761e-03 1.264418941e-03 1.324664569e-03 1.283021411e-03 1.109750010e-03
 7.693751249e-04 2.162195015e-04-6.136074662e-04-1.837703749e-03-2.279329812e-03
-1.118708984e-03 5.533021758e-04 2.484438475e-03 4.408818204e-03 6.288804580e-03
 8.118808270e-03 9.908217005e-03 1.166777220e-02 1.340646110e-02 1.513131615e-02
 1.684850454e-02 1.856466569e-02 2.028651163e-02 2.201970108e-02 2.376810089e-02
 2.553342469e-02 2.731578238e-02 2.911405452e-02 3.092609346e-02 3.274882585e-02
 3.457833081e-02 3.640989214e-02 3.823809698e-02 4.005691037e-02 4.185976833e-02
 4.363970459e-02 4.538949579e-02 4.710179940e-02 4.876932502e-02 5.038502067e-02
 5.194222182e-02 5.343483016e-02 5.485745519e-02 5.620550364e-02 5.747525766e-02
 5.866381526e-02 5.976903066e-02 6.078960001e-02 6.172523275e-02 6.257691234e-02
 6.334694475e-02 6.403852254e-02 6.465532631e-02 6.520119309e-02 6.568007171e-02
 6.609596312e-02 6.645293534e-02 6.675501913e-02 6.700620055e-02 6.721034646e-02
 8.901602996e-05 1.947192941e-04 3.308378509e-04 4.864461080e-04 6.481782766e-04
 7.905076491e-04 8.942843997e-04 9.584059007e-04 9.676144109e-04 9.086053469e-04
 7.714527310e-04 5.523502477e-04 2.612477401e-04-7.062527584e-05 5.278806202e-05
 9.504425689e-04 2.170719672e-03 3.511279356e-03 4.915974103e-03 6.397386082e-03
 7.925650105e-03 9.484866634e-03 1.106943749e-02 1.266345102e-02 1.425538957e-02
 1.583712175e-02 1.741301082e-02 1.899236441e-02 2.059340477e-02 2.221414074e-02
 2.385228872e-02 2.550594695e-02 2.717294917e-02 2.885066904e-02 3.053597547e-02
 3.222522140e-02 3.391426802e-02 3.559852764e-02 3.727300465e-02 3.893237934e-02
 4.057108983e-02 4.218342900e-02 4.376363754e-02 4.530604556e-02 4.680516943e-02
 4.825583473e-02 4.965330660e-02 5.099336803e-02 5.227244273e-02 5.348771065e-02
 5.463733897e-02 5.571938679e-02 5.672879890e-02 5.766336620e-02 5.852215365e-02
 5.930821970e-02 6.002689153e-02 6.068211421e-02 6.127557158e-02 6.180960685e-02
 6.228691339e-02 6.271036714e-02 6.308295578e-02 6.340769678e-02 6.368761510e-02
 6.531533290e-05 1.438539330e-04 2.467719605e-04 3.672244493e-04 4.969030269e-04
 6.254001055e-04 7.444438525e-04 8.498139796e-04 9.384721052e-04 1.011385582e-03
 1.076465240e-03 1.153354300e-03 1.279898803e-03 1.511597773e-03 1.916904119e-03
 2.541834489e-03 3.368648933e-03 4.346485250e-03 5.443705712e-03 6.642027758e-03
 7.919551805e-03 9.259222075e-03 1.064799167e-02 1.207442023e-02 1.353163552e-02
 1.495365985e-02 1.638735645e-02 1.784062386e-02 1.931504160e-02 2.081011981e-02
 2.232362144e-02 2.385283820e-02 2.539491095e-02 2.694680355e-02 2.850525826e-02
 3.006676957e-02 3.162755445e-02 3.318358585e-02 3.473059461e-02 3.626413271e-02
 3.777962551e-02 3.927242011e-02 4.073788971e-02 4.217147455e-02 4.356879741e-02
 4.492573440e-02 4.623850062e-02 4.750371352e-02 4.871847853e-02 4.988040403e-02
 5.098747462e-02 5.203768238e-02 5.302929878e-02 5.395600945e-02 5.480846763e-02
 5.560187995e-02 5.633752793e-02 5.701730400e-02 5.764280260e-02 5.821563676e-02
 5.873761326e-02 5.921074003e-02 5.963718891e-02 6.001921743e-02 6.035914272e-02
 5.405947013e-05 1.201979030e-04 2.090383787e-04 3.169912961e-04 4.400734033e-04
 5.746260867e-04 7.166669820e-04 8.645616472e-04 1.020978205e-03 1.190915122e-03
 1.383918338e-03 1.615057350e-03 1.904780278e-03 2.275991486e-03 2.749204636e-03
 3.339096438e-03 4.047723953e-03 4.870943259e-03 5.798889790e-03 6.817273796e-03
 7.914361544e-03 9.080246091e-03 1.030861493e-02 1.158088911e-02 1.288780943e-02
 1.417705510e-02 1.548205689e-02 1.680485904e-02 1.815752126e-02 1.953419670e-02
 2.093053795e-02 2.234308608e-02 2.376861125e-02 2.520392090e-02 2.664576285e-02
 2.809077874e-02 2.953548357e-02 3.097626567e-02 3.240939602e-02 3.383105993e-02
 3.523737565e-02 3.662446514e-02 3.798847646e-02 3.932565451e-02 4.063238576e-02
 4.190527648e-02 4.314119369e-02 4.433732480e-02 4.549127445e-02 4.660115391e-02
 4.766594991e-02 4.868436605e-02 4.965006188e-02 5.055926740e-02 5.140450597e-02
 5.219560862e-02 5.293661729e-02 5.363039672e-02 5.427669361e-02 5.487624183e-02
 5.543018505e-02 5.593992025e-02 5.640700832e-02 5.683314428e-02 5.722010508e-02
 0.112317538E+01 0.112758195E+01 0.112811911E+01 0.113054311E+01 0.113355505E+01
 0.113709092E+01 0.114130855E+01 0.114610791E+01 0.115149570E+01 0.115741420E+01
 0.116402078E+01 0.117129254E+01 0.117915678E+01 0.118769848E+01 0.119700682E+01
 0.120699894E+01 0.121775377E+01 0.122934258E+01 0.124171758E+01 0.125501645E+01
 0.126921070E+01 0.128438604E+01 0.130057633E+01 0.131783748E+01 0.133626378E+01
 0.135587537E+01 0.137679982E+01 0.139906538E+01 0.142281568E+01 0.144810295E+01
 0.147508550E+01 0.150385416E+01 0.153457010E+01 0.156735492E+01 0.160240018E+01
 0.163989031E+01 0.168004584E+01 0.172309768E+01 0.176931524E+01 0.181901300E+01
 0.187253249E+01 0.193028295E+01 0.199272835E+01 0.206039715E+01 0.213392282E+01
 0.221396565E+01 0.230142212E+01 0.239722800E+01 0.250263643E+01 0.261905622E+01
 0.274813652E+01 0.289204836E+01 0.305340123E+01 0.323536873E+01 0.344224858E+01
 0.367947531E+01 0.395398664E+01 0.427556467E+01 0.465753412E+01 0.511924505E+01
 0.569156265E+01 0.642608738E+01 0.741863441E+01 0.890412712E+01 0.174991512E+02
  153   37
 0.229475930E+00 0.000000000E+00 0.229879722E+00 0.625000000E-01 0.231569886E+00
 0.125000000E+00 0.234611452E+00 0.187500000E+00 0.239120498E+00 0.250000000E+00
 0.241874993E+00 0.278799027E+00 0.244840175E+00 0.312500000E+00 0.251861334E+00
 0.375000000E+00 0.260834992E+00 0.437500000E+00 0.272145122E+00 0.500000000E+00
 0.272187501E+00 0.500207782E+00 0.284729242E+00 0.562500000E+00 0.300371587E+00
 0.625000000E+00 0.302500010E+00 0.632727444E+00 0.318102121E+00 0.687500000E+00
 0.332812488E+00 0.732160270E+00 0.339099348E+00 0.750000000E+00 0.363124996E+00
 0.812294543E+00 0.363213003E+00 0.812500000E+00 0.390332907E+00 0.875000000E+00
 0.393437505E+00 0.882422686E+00 0.420789659E+00 0.937500000E+00 0.423750013E+00
 0.944335938E+00 0.454062492E+00 0.999593139E+00 0.454354942E+00 0.100000000E+01
 0.484375000E+00 0.105427170E+01 0.491471112E+00 0.106250000E+01 0.514687479E+00
 0.110828257E+01 0.534656346E+00 0.113869691E+01 0.554625154E+00 0.116911113E+01
 0.580125093E+00 0.115349233E+01 0.605624974E+00 0.113787353E+01 0.615014195E+00
 0.112500000E+01 0.635937512E+00 0.111631477E+01 0.666249990E+00 0.109790885E+01
 0.696562529E+00 0.107487893E+01 0.709563494E+00 0.106250000E+01 0.726875007E+00
 0.105256379E+01 0.757187486E+00 0.103109026E+01 0.787500024E+00 0.100572705E+01
 0.793203890E+00 0.100000000E+01 0.817812502E+00 0.982488632E+00 0.848124981E+00
 0.957284153E+00 0.868569314E+00 0.937500000E+00 0.878437519E+00 0.930186629E+00
 0.908749998E+00 0.904159606E+00 0.938427925E+00 0.875000000E+00 0.939062476E+00
 0.874494851E+00 0.969375014E+00 0.847028792E+00 0.999687493E+00 0.815988779E+00
 0.100273871E+01 0.812500000E+00 0.102999997E+01 0.785926282E+00 0.106031251E+01
 0.752860844E+00 0.106269896E+01 0.750000000E+00 0.109062505E+01 0.720093012E+00
 0.111795294E+01 0.687500000E+00 0.112093747E+01 0.684196532E+00 0.115125000E+01
 0.647497654E+00 0.116802001E+01 0.625000000E+00 0.118156254E+01 0.607540786E+00
 0.121187496E+01 0.564245343E+00 0.121299839E+01 0.562500000E+00 0.124218750E+01
 0.518189073E+00 0.125307858E+01 0.500000000E+00 0.127250004E+01 0.468084484E+00
 0.128973174E+01 0.437500000E+00 0.130281246E+01 0.414510161E+00 0.132421064E+01
 0.375000000E+00 0.133312500E+01 0.358333856E+00 0.135718155E+01 0.312500000E+00
 0.136343753E+01 0.299799979E+00 0.138811755E+01 0.250000000E+00 0.139374995E+01
 0.236814931E+00 0.141528606E+01 0.187500000E+00 0.142406249E+01 0.160923496E+00
 0.143633568E+01 0.125000000E+00 0.144914067E+01 0.625000000E-01 0.145280266E+01
 0.000000000E+00 0.144725025E+01-0.625000000E-01 0.143257642E+01-0.125000000E+00
 0.142406249E+01-0.148185939E+00 0.141010666E+01-0.187500000E+00 0.139374995E+01
-0.223372564E+00 0.138187051E+01-0.250000000E+00 0.136343753E+01-0.286321968E+00
 0.135020769E+01-0.312500000E+00 0.133312500E+01-0.344717860E+00 0.131669414E+01
-0.375000000E+00 0.130281246E+01-0.400570542E+00 0.128162861E+01-0.437500000E+00
 0.127250004E+01-0.453712285E+00 0.124418664E+01-0.500000000E+00 0.124218750E+01
-0.503346741E+00 0.121187496E+01-0.549882293E+00 0.120281112E+01-0.562500000E+00
 0.118156254E+01-0.592872858E+00 0.115651262E+01-0.625000000E+00 0.115125000E+01
-0.632075310E+00 0.112093747E+01-0.669304192E+00 0.110448408E+01-0.687500000E+00
 0.109062505E+01-0.704140723E+00 0.106031251E+01-0.737048984E+00 0.104706836E+01
-0.750000000E+00 0.102999997E+01-0.768927395E+00 0.999687493E+00-0.799050272E+00
 0.984505832E+00-0.812500000E+00 0.969375014E+00-0.828434408E+00 0.939062476E+00
-0.856693447E+00 0.916737258E+00-0.875000000E+00 0.908749998E+00-0.883192182E+00
 0.878437519E+00-0.910251558E+00 0.848124981E+00-0.933769524E+00 0.842465401E+00
-0.937500000E+00 0.817812502E+00-0.959174871E+00 0.787500024E+00-0.981880963E+00
 0.758926690E+00-0.100000000E+01 0.757187486E+00-0.100161040E+01 0.726875007E+00
-0.102424204E+01 0.696562529E+00-0.104279053E+01 0.666249990E+00-0.105731726E+01
 0.650283813E+00-0.106250000E+01 0.635937512E+00-0.107135820E+01 0.595018685E+00
-0.111354184E+01 0.554099917E+00-0.115572548E+01 0.548327446E+00-0.110911274E+01
 0.542555034E+00-0.106250000E+01 0.514687479E+00-0.104323697E+01 0.484375000E+00
-0.100393307E+01 0.482233763E+00-0.100000000E+01 0.454062492E+00-0.962073505E+00
 0.440675765E+00-0.937500000E+00 0.423750013E+00-0.910832405E+00 0.405507416E+00
-0.875000000E+00 0.393437505E+00-0.852552414E+00 0.375086933E+00-0.812500000E+00
 0.363124996E+00-0.785899997E+00 0.348718107E+00-0.750000000E+00 0.332812488E+00
-0.707054496E+00 0.326094836E+00-0.687500000E+00 0.306737006E+00-0.625000000E+00
 0.302500010E+00-0.609456837E+00 0.290012628E+00-0.562500000E+00 0.276279539E+00
-0.500000000E+00 0.272187501E+00-0.477980226E+00 0.264503926E+00-0.437500000E+00
 0.254776716E+00-0.375000000E+00 0.247128025E+00-0.312500000E+00 0.241874993E+00
-0.257338762E+00 0.241118833E+00-0.250000000E+00 0.236055300E+00-0.187500000E+00
 0.232507035E+00-0.125000000E+00 0.230341285E+00-0.625000000E-01 0.229475930E+00
 0.000000000E+00
 0.189999998E+01 0.405000001E+00 0.155510426E+01 0.405000001E+00 0.155510426E+01
 0.822500229E+00 0.140793061E+01 0.822500229E+00 0.140793061E+01 0.103300035E+01
 0.103993106E+01 0.103300035E+01 0.103993106E+01 0.119500005E+01 0.189999998E+01
 0.119500005E+01 0.189999998E+01 0.182500005E+01 0.564930677E+00 0.182500005E+01
 0.564930677E+00 0.172808158E+01 0.783500016E+00 0.172808158E+01 0.783500016E+00
 0.171558166E+01 0.582590282E+00 0.154700005E+01 0.416500002E+00 0.154700005E+01
 0.280000001E+00 0.168350005E+01 0.280000001E+00 0.122908854E+01 0.195244402E+00
 0.108350003E+01 0.195244402E+00-0.108350003E+01 0.280000001E+00-0.122908854E+01
 0.280000001E+00-0.168350005E+01 0.416500002E+00-0.154700005E+01 0.582590282E+00
-0.154700005E+01 0.783500016E+00-0.171558166E+01 0.783500016E+00-0.172808158E+01
 0.564930677E+00-0.172808158E+01 0.564930677E+00-0.182500005E+01 0.189999998E+01
-0.182500005E+01 0.189999998E+01-0.119500005E+01 0.103993106E+01-0.119500005E+01
 0.103993106E+01-0.103300035E+01 0.140793061E+01-0.103300035E+01 0.140793061E+01
-0.822500229E+00 0.155510426E+01-0.822500229E+00 0.155510426E+01-0.405000001E+00
 0.189999998E+01-0.405000001E+00 0.189999998E+01 0.405000001E+00
    0
