EFIT++  MAST     # 29976 # 199ms                   0  65  65
 0.194000006E+01 0.400000000E+01 0.841509581E+00 0.599999987E-01 0.000000000E+00
 0.937333882E+00 0.934980623E-02-0.612513646E-01 0.192487109E-01-0.481804520E+00
 0.812762938E+06-0.612513646E-01 0.000000000E+00 0.937333882E+00 0.000000000E+00
 0.934980623E-02 0.000000000E+00 0.192487109E-01 0.000000000E+00 0.000000000E+00
-0.475330472E+00-0.473029584E+00-0.470767647E+00-0.468544841E+00-0.466361225E+00
-0.464216948E+00-0.462112069E+00-0.460046738E+00-0.458020985E+00-0.456034929E+00
-0.454088569E+00-0.452182025E+00-0.450315326E+00-0.448488504E+00-0.446701586E+00
-0.444954574E+00-0.443247497E+00-0.441580355E+00-0.439953089E+00-0.438365728E+00
-0.436818182E+00-0.435310423E+00-0.433842421E+00-0.432414025E+00-0.431025237E+00
-0.429675907E+00-0.428365916E+00-0.427095175E+00-0.425863564E+00-0.424670875E+00
-0.423516989E+00-0.422401756E+00-0.421324939E+00-0.420286387E+00-0.419285864E+00
-0.418323159E+00-0.417398036E+00-0.416510254E+00-0.415659517E+00-0.414845645E+00
-0.414068252E+00-0.413327128E+00-0.412621915E+00-0.411952287E+00-0.411317974E+00
-0.410718590E+00-0.410153776E+00-0.409623206E+00-0.409126520E+00-0.408663273E+00
-0.408233106E+00-0.407835633E+00-0.407470405E+00-0.407137036E+00-0.406835109E+00
-0.406564116E+00-0.406323671E+00-0.406113297E+00-0.405932546E+00-0.405780941E+00
-0.405658007E+00-0.405563235E+00-0.405496180E+00-0.405456305E+00-0.405443102E+00
 0.149618828E+05 0.149569297E+05 0.149303730E+05 0.148829072E+05 0.148152266E+05
 0.147280234E+05 0.146219941E+05 0.144978291E+05 0.143562256E+05 0.141978740E+05
 0.140234717E+05 0.138337090E+05 0.136292822E+05 0.134108848E+05 0.131792100E+05
 0.129349512E+05 0.126788027E+05 0.124114580E+05 0.121336113E+05 0.118459570E+05
 0.115491885E+05 0.112439980E+05 0.109310820E+05 0.106111318E+05 0.102848428E+05
 0.995290918E+04 0.961602246E+04 0.927487891E+04 0.893017090E+04 0.858259277E+04
 0.823283887E+04 0.788160156E+04 0.752957568E+04 0.717745508E+04 0.682593311E+04
 0.647570361E+04 0.612746094E+04 0.578189795E+04 0.543970947E+04 0.510158838E+04
 0.476822949E+04 0.444032568E+04 0.411857129E+04 0.380365967E+04 0.349628516E+04
 0.319714136E+04 0.290692212E+04 0.262632104E+04 0.235603223E+04 0.209674902E+04
 0.184916577E+04 0.161397595E+04 0.139187341E+04 0.118355200E+04 0.989705627E+03
 0.811027954E+03 0.648212769E+03 0.501954010E+03 0.372945374E+03 0.261880707E+03
 0.169453796E+03 0.963584671E+02 0.432885246E+02 0.109377651E+02 0.000000000E+00
-0.876863003E+00-0.857984543E+00-0.839270473E+00-0.820720732E+00-0.802335382E+00
-0.784114361E+00-0.766057730E+00-0.748165429E+00-0.730437517E+00-0.712873995E+00
-0.695474803E+00-0.678239942E+00-0.661169529E+00-0.644263446E+00-0.627521694E+00
-0.610944331E+00-0.594531357E+00-0.578282714E+00-0.562198460E+00-0.546278536E+00
-0.530523002E+00-0.514931798E+00-0.499505013E+00-0.484242558E+00-0.469144493E+00
-0.454210758E+00-0.439441413E+00-0.424836427E+00-0.410395801E+00-0.396119535E+00
-0.382007629E+00-0.368060112E+00-0.354276955E+00-0.340658128E+00-0.327203691E+00
-0.313913614E+00-0.300787926E+00-0.287826568E+00-0.275029600E+00-0.262396991E+00
-0.249928728E+00-0.237624839E+00-0.225485310E+00-0.213510156E+00-0.201699361E+00
-0.190052927E+00-0.178570867E+00-0.167253166E+00-0.156099826E+00-0.145110860E+00
-0.134286255E+00-0.123626009E+00-0.113130130E+00-0.102798611E+00-0.926314592E-01
-0.826286748E-01-0.727902576E-01-0.631162003E-01-0.536065027E-01-0.442611761E-01
-0.350802131E-01-0.260636117E-01-0.172113776E-01-0.852350611E-02 0.000000000E+00
 0.483323486E+04-0.126175801E+05-0.295167988E+05-0.458644180E+05-0.616604453E+05
-0.769048750E+05-0.915977031E+05-0.105738938E+06-0.119328578E+06-0.132366625E+06
-0.144853062E+06-0.156787906E+06-0.168171156E+06-0.179002812E+06-0.189282875E+06
-0.199011344E+06-0.208188203E+06-0.216813469E+06-0.224887141E+06-0.232409219E+06
-0.239379688E+06-0.245798578E+06-0.251665859E+06-0.256981547E+06-0.261745641E+06
-0.265958125E+06-0.269619031E+06-0.272728344E+06-0.275286031E+06-0.277292156E+06
-0.278746656E+06-0.279649562E+06-0.280000875E+06-0.279800594E+06-0.279048719E+06
-0.277745250E+06-0.275890188E+06-0.273483531E+06-0.270525250E+06-0.267015406E+06
-0.262953938E+06-0.258340891E+06-0.253176250E+06-0.247460000E+06-0.241192156E+06
-0.234372719E+06-0.227001688E+06-0.219079047E+06-0.210604812E+06-0.201579000E+06
-0.192001562E+06-0.181872547E+06-0.171191938E+06-0.159959719E+06-0.148175906E+06
-0.135840500E+06-0.122953500E+06-0.109514906E+06-0.955247109E+05-0.809829141E+05
-0.658895234E+05-0.502445391E+05-0.340479570E+05-0.172997754E+05 0.000000000E+00
 4.680244820e-05 1.041635842e-04 1.814638672e-04 2.759566414e-04 3.846897162e-04
 5.053758505e-04 6.384961307e-04 7.826616056e-04 9.370797197e-04 1.105591888e-03
 1.295838854e-03 1.519775600e-03 1.793490956e-03 2.136212075e-03 2.562711714e-03
 3.081770614e-03 3.700089641e-03 4.409189336e-03 5.197037477e-03 6.054353900e-03
 6.969316397e-03 7.928782143e-03 8.915507235e-03 9.947267361e-03 1.102563366e-02
 1.223797724e-02 1.350688934e-02 1.481754798e-02 1.613058150e-02 1.745096967e-02
 1.878014766e-02 2.011732757e-02 2.146095037e-02 2.280901000e-02 2.415915392e-02
 2.550872229e-02 2.685477957e-02 2.819415182e-02 2.952345274e-02 3.083912097e-02
 3.213745356e-02 3.341465443e-02 3.466684371e-02 3.589012474e-02 3.708057851e-02
 3.823428974e-02 3.934731707e-02 4.041561857e-02 4.143485799e-02 4.239966348e-02
 4.330055788e-02 4.413421080e-02 4.494602606e-02 4.576086998e-02 4.663869366e-02
 4.749772325e-02 4.830567539e-02 4.904405400e-02 4.972438514e-02 5.035164207e-02
 5.092913657e-02 5.145962164e-02 5.194559693e-02 5.238940567e-02 5.279329047e-02
 5.571516522e-05 1.225193264e-04 2.098779660e-04 3.123033093e-04 4.242800642e-04
 5.421983078e-04 6.604004884e-04 7.717203116e-04 8.723922656e-04 9.631519788e-04
 1.051545376e-03 1.155606587e-03 1.308058272e-03 1.551210298e-03 1.931947423e-03
 2.484016819e-03 3.192947712e-03 4.020164255e-03 4.943512846e-03 5.946847610e-03
 7.009599358e-03 8.114761673e-03 9.251996875e-03 1.041826978e-02 1.160917524e-02
 1.295661367e-02 1.434854325e-02 1.576146856e-02 1.718745939e-02 1.862181537e-02
 2.006345242e-02 2.151178569e-02 2.296577767e-02 2.442378737e-02 2.588361315e-02
 2.734255791e-02 2.879747935e-02 3.024484403e-02 3.168079257e-02 3.310118243e-02
 3.450164944e-02 3.587766737e-02 3.722460940e-02 3.853777796e-02 3.981247172e-02
 4.104397818e-02 4.222759977e-02 4.335858300e-02 4.443211854e-02 4.544357583e-02
 4.639007524e-02 4.727429524e-02 4.810089618e-02 4.892315343e-02 4.982820153e-02
 5.067791790e-02 5.146960169e-02 5.219805241e-02 5.286388099e-02 5.347049981e-02
 5.402162299e-02 5.452073365e-02 5.497104302e-02 5.537556484e-02 5.573713407e-02
 7.590581663e-05 1.651521743e-04 2.782229858e-04 4.035812744e-04 5.287512904e-04
 6.562312483e-04 7.790345699e-04 8.637260762e-04 9.000762948e-04 8.792914450e-04
 7.957227645e-04 6.509500090e-04 4.640264669e-04 2.815210610e-04 4.650789197e-04
 1.216415432e-03 2.245902549e-03 3.381346120e-03 4.560878500e-03 5.807460286e-03
 7.091795094e-03 8.393733762e-03 9.697876871e-03 1.102671772e-02 1.240150724e-02
 1.384287607e-02 1.534132473e-02 1.687851734e-02 1.841633953e-02 1.995891519e-02
 2.150940523e-02 2.306832746e-02 2.463492006e-02 2.620753646e-02 2.778379060e-02
 2.936065197e-02 3.093449771e-02 3.250119090e-02 3.405613080e-02 3.559434041e-02
 3.711054474e-02 3.859924525e-02 4.005483165e-02 4.147165641e-02 4.284412041e-02
 4.416676983e-02 4.543431476e-02 4.664164037e-02 4.778366908e-02 4.885476828e-02
 4.984660074e-02 5.076026544e-02 5.163861066e-02 5.250009149e-02 5.335901305e-02
 5.419600010e-02 5.497295409e-02 5.567098781e-02 5.629972368e-02 5.686479807e-02
 5.737051740e-02 5.782072991e-02 5.821904913e-02 5.856893212e-02 5.887368694e-02
 1.168077943e-04 2.529960184e-04 4.236188834e-04 6.103654741e-04 7.957129856e-04
 9.749211022e-04 1.115712570e-03 1.192279626e-03 1.179879066e-03 1.052845735e-03
 7.812740514e-04 3.269172157e-04-3.644348762e-04-1.393927028e-03-1.666760887e-03
-5.532645737e-04 9.182352223e-04 2.554296050e-03 4.182688426e-03 5.787771195e-03
 7.358775940e-03 8.901410736e-03 1.042682398e-02 1.194915082e-02 1.348204818e-02
 1.503510959e-02 1.661256328e-02 1.821323484e-02 1.983345300e-02 2.147085033e-02
 2.312416583e-02 2.479230426e-02 2.647374198e-02 2.816627361e-02 2.986695617e-02
 3.157209978e-02 3.327729553e-02 3.497746959e-02 3.666695207e-02 3.833956644e-02
 3.998874128e-02 4.160761833e-02 4.318922013e-02 4.472656921e-02 4.621288180e-02
 4.764172062e-02 4.900717735e-02 5.030407012e-02 5.152822286e-02 5.267695710e-02
 5.375004187e-02 5.475104600e-02 5.568702146e-02 5.656419322e-02 5.738510564e-02
 5.814789981e-02 5.884756148e-02 5.948046967e-02 6.004649401e-02 6.054776534e-02
 6.098750234e-02 6.136939302e-02 6.169728562e-02 6.197502464e-02 6.220638752e-02
 1.936397603e-04 4.180692777e-04 6.973471027e-04 1.001597033e-03 1.301586977e-03
 1.579847885e-03 1.794433803e-03 1.916350797e-03 1.915061846e-03 1.756125130e-03
 1.397370943e-03 7.837252342e-04-1.583655830e-04-1.539868419e-03-2.316663275e-03
-1.918336493e-03-3.077930596e-04 2.173603512e-03 4.318085965e-03 6.251830608e-03
 8.052355610e-03 9.769290686e-03 1.143705007e-02 1.308063883e-02 1.471851021e-02
 1.636353880e-02 1.802418195e-02 1.970571093e-02 2.141097561e-02 2.314104326e-02
 2.489589155e-02 2.667460404e-02 2.847539634e-02 3.029557317e-02 3.213150799e-02
 3.397863731e-02 3.583147749e-02 3.768367693e-02 3.952807933e-02 4.135683179e-02
 4.316152632e-02 4.493335262e-02 4.666332155e-02 4.834247008e-02 4.996213689e-02
 5.151423067e-02 5.299150199e-02 5.438783392e-02 5.569854379e-02 5.692065135e-02
 5.805308372e-02 5.909659341e-02 6.005320698e-02 6.092566997e-02 6.171661988e-02
 6.242816895e-02 6.306231022e-02 6.362125278e-02 6.410779804e-02 6.452549994e-02
 6.487849355e-02 6.517125666e-02 6.540836394e-02 6.559439003e-02 6.573374569e-02
 3.353890788e-04 7.193512283e-04 1.189492061e-03 1.691572485e-03 2.177270595e-03
 2.612916287e-03 2.960820682e-03 3.192621749e-03 3.279723227e-03 3.194517223e-03
 2.902148291e-03 2.355379285e-03 1.479061204e-03 1.243555744e-04-7.036999450e-04
-4.361407191e-04 1.076807850e-03 3.540670499e-03 5.675092340e-03 7.604009937e-03
 9.407709353e-03 1.113824919e-02 1.282878406e-02 1.450534910e-02 1.618431509e-02
 1.787781157e-02 1.959514432e-02 2.134279534e-02 2.312487178e-02 2.494361438e-02
 2.679969743e-02 2.869243361e-02 3.061987087e-02 3.257883713e-02 3.456494957e-02
 3.657259792e-02 3.859496489e-02 4.062404856e-02 4.265072942e-02 4.466487840e-02
 4.665551707e-02 4.861102626e-02 5.051944032e-02 5.236877501e-02 5.414739624e-02
 5.584442616e-02 5.745016411e-02 5.895642936e-02 6.035690755e-02 6.164734811e-02
 6.282563508e-02 6.389170885e-02 6.484732032e-02 6.569561362e-02 6.644078344e-02
 6.708772480e-02 6.764179468e-02 6.810872257e-02 6.849452108e-02 6.880538166e-02
 6.904752553e-02 6.922709942e-02 6.935006380e-02 6.942206621e-02 6.944843382e-02
 6.062751636e-04 1.288307947e-03 2.097378019e-03 2.917963313e-03 3.651292063e-03
 4.262366798e-03 4.778872710e-03 5.169588607e-03 5.386739038e-03 5.428525154e-03
 5.303434096e-03 5.020313431e-03 4.591540433e-03 4.072692245e-03 3.821902443e-03
 4.161819816e-03 5.177034065e-03 6.667792331e-03 8.234307170e-03 9.812449105e-03
 1.139190979e-02 1.297746971e-02 1.457717549e-02 1.620074362e-02 1.785698906e-02
 1.955334097e-02 2.129576355e-02 2.308875322e-02 2.493537962e-02 2.683732472e-02
 2.879492752e-02 3.080718964e-02 3.287175670e-02 3.498486802e-02 3.714129701e-02
 3.933428228e-02 4.155546799e-02 4.379487038e-02 4.604090378e-02 4.828043282e-02
 5.049896985e-02 5.268090963e-02 5.480990931e-02 5.686937645e-02 5.884305015e-02
 6.071563065e-02 6.247343495e-02 6.410500407e-02 6.560160220e-02 6.695751846e-02
 6.817017496e-02 6.924005598e-02 7.017035782e-02 7.096659392e-02 7.163600624e-02
 7.218710333e-02 7.262910903e-02 7.297158986e-02 7.322412729e-02 7.339601964e-02
 7.349614799e-02 7.353283465e-02 7.351374626e-02 7.344587147e-02 7.333551347e-02
 1.146338414e-03 2.429395216e-03 3.907491919e-03 5.292764399e-03 6.370364688e-03
 7.121053059e-03 7.680587936e-03 8.072721772e-03 8.282172494e-03 8.351122960e-03
 8.320473135e-03 8.230996318e-03 8.135057986e-03 8.106158115e-03 8.234268054e-03
 8.599092253e-03 9.233081713e-03 1.011042111e-02 1.117514819e-02 1.237391215e-02
 1.367228571e-02 1.505263615e-02 1.650690474e-02 1.803253777e-02 1.962989941e-02
 2.130070888e-02 2.304711379e-02 2.487112023e-02 2.677422017e-02 2.875714749e-02
 3.081966564e-02 3.296039626e-02 3.517664224e-02 3.746420518e-02 3.981719911e-02
 4.222785681e-02 4.468632117e-02 4.718049616e-02 4.969591647e-02 5.221573263e-02
 5.472078547e-02 5.718987808e-02 5.960024148e-02 6.192824990e-02 6.415031850e-02
 6.624402106e-02 6.818923354e-02 6.996925920e-02 7.157175988e-02 7.298935205e-02
 7.421977818e-02 7.526566833e-02 7.613389939e-02 7.683478296e-02 7.738107443e-02
 7.778701186e-02 7.806742936e-02 7.823705673e-02 7.831002027e-02 7.829946280e-02
 7.821736485e-02 7.807444036e-02 7.788015157e-02 7.764273882e-02 7.736935467e-02
 2.172734821e-03 4.787529819e-03 7.934436202e-03 1.039573923e-02 1.145371143e-02
 1.178768743e-02 1.188053098e-02 1.186677814e-02 1.179369818e-02 1.168751623e-02
 1.157218032e-02 1.147436351e-02 1.142550725e-02 1.146127004e-02 1.161770150e-02
 1.192442328e-02 1.239859406e-02 1.304283459e-02 1.384800486e-02 1.479946543e-02
 1.588270068e-02 1.708636060e-02 1.840282045e-02 1.982765645e-02 2.135881223e-02
 2.299581468e-02 2.473911084e-02 2.658953518e-02 2.854789793e-02 3.061464056e-02
 3.278953955e-02 3.507141769e-02 3.745786473e-02 3.994491696e-02 4.252673313e-02
 4.519521073e-02 4.793959484e-02 5.074606463e-02 5.359734595e-02 5.647238344e-02
 5.934620649e-02 6.218999624e-02 6.497156620e-02 6.765630841e-02 7.020864636e-02
 7.259403914e-02 7.478123158e-02 7.674460113e-02 7.846603543e-02 7.993613929e-02
 8.115445822e-02 8.212882280e-02 8.287406713e-02 8.340986073e-02 8.375881612e-02
 8.394467831e-02 8.399082720e-02 8.391927183e-02 8.374997973e-02 8.350058645e-02
 8.318632096e-02 8.282013237e-02 8.241286129e-02 8.197350055e-02 8.150944114e-02
 3.467286238e-03 8.046132512e-03 1.476926077e-02 1.902388781e-02 1.818086579e-02
 1.715596206e-02 1.642719284e-02 1.585974731e-02 1.539771631e-02 1.501799840e-02
 1.471363567e-02 1.448753756e-02 1.434930041e-02 1.431259513e-02 1.439244300e-02
 1.460256241e-02 1.495309267e-02 1.544950157e-02 1.609298214e-02 1.688170061e-02
 1.781238243e-02 1.888163202e-02 2.008677274e-02 2.142620273e-02 2.289939672e-02
 2.450674027e-02 2.624927275e-02 2.812840790e-02 3.014565818e-02 3.230235726e-02
 3.459938243e-02 3.703685850e-02 3.961381689e-02 4.232781380e-02 4.517445713e-02
 4.814684764e-02 5.123490468e-02 5.442458391e-02 5.769701302e-02 6.102754921e-02
 6.438495964e-02 6.773081422e-02 7.101949304e-02 7.419905812e-02 7.721348107e-02
 8.000616729e-02 8.252479881e-02 8.472640812e-02 8.658227324e-02 8.808059245e-02
 8.922711015e-02 9.004259855e-02 9.055855870e-02 9.081332386e-02 9.084744751e-02
 9.070036560e-02 9.040816873e-02 9.000244737e-02 8.950989693e-02 8.895248175e-02
 8.834791183e-02 8.771020174e-02 8.705031872e-02 8.637670428e-02 8.569583297e-02
 4.318015184e-03 9.922315367e-03 1.783238724e-02 2.293080278e-02 2.230706438e-02
 2.114833146e-02 2.011412755e-02 1.922899112e-02 1.850784570e-02 1.791727915e-02
 1.744154282e-02 1.707444340e-02 1.681612246e-02 1.667083241e-02 1.664509997e-02
 1.674618945e-02 1.698093116e-02 1.735501923e-02 1.787271537e-02 1.853701472e-02
 1.935003325e-02 2.031345665e-02 2.142893896e-02 2.269836701e-02 2.412400022e-02
 2.570849657e-02 2.745487355e-02 2.936640382e-02 3.144649789e-02 3.369854391e-02
 3.612571582e-02 3.873075172e-02 4.151565582e-02 4.448131472e-02 4.762695730e-02
 5.094947666e-02 5.444252491e-02 5.809530988e-02 6.189103797e-02 6.580495089e-02
 6.980204582e-02 7.383454591e-02 7.783978432e-02 8.173934370e-02 8.544094861e-02
 8.884449303e-02 9.185268730e-02 9.438538551e-02 9.639158845e-02 9.785784781e-02
 9.880708158e-02 9.929189086e-02 9.938409925e-02 9.916003048e-02 9.869246185e-02
 9.804522991e-02 9.727108479e-02 9.641171247e-02 9.549894184e-02 9.455639869e-02
 9.360121191e-02 9.264548868e-02 9.169759601e-02 9.076313674e-02 8.984573185e-02
 4.746509716e-03 1.082092803e-02 1.925339922e-02 2.480861545e-02 2.448828891e-02
 2.345683426e-02 2.248911932e-02 2.160666138e-02 2.082513459e-02 2.014772967e-02
 1.957470365e-02 1.910685934e-02 1.874674298e-02 1.849866286e-02 1.836826652e-02
 1.836201176e-02 1.848664880e-02 1.874882169e-02 1.915484481e-02 1.971060410e-02
 2.042160742e-02 2.129307948e-02 2.233011089e-02 2.353778668e-02 2.492129244e-02
 2.648597956e-02 2.823741548e-02 3.018139303e-02 3.232393414e-02 3.467127681e-02
 3.722983971e-02 4.000615329e-02 4.300672188e-02 4.623775929e-02 4.970483854e-02
 5.341220275e-02 5.736187473e-02 6.155230850e-02 6.597652286e-02 7.061908394e-02
 7.545171678e-02 8.042701334e-02 8.547030389e-02 9.047076106e-02 9.527539462e-02
 9.969302267e-02 1.035169214e-01 1.065642014e-01 1.087249666e-01 1.099882573e-01
 1.104418859e-01 1.102359295e-01 1.095344126e-01 1.084916294e-01 1.072329432e-01
 1.058521420e-01 1.044153571e-01 1.029669791e-01 1.015353948e-01 1.001377776e-01
 9.878370166e-02 9.747771919e-02 9.622123837e-02 9.501367807e-02 9.385331720e-02
 4.960393533e-03 1.127060968e-02 1.997279190e-02 2.578938007e-02 2.568774670e-02
 2.481534332e-02 2.396351099e-02 2.315171808e-02 2.239361592e-02 2.170088887e-02
 2.108405717e-02 2.055206150e-02 2.011312917e-02 1.977538876e-02 1.954716258e-02
 1.943702810e-02 1.945376210e-02 1.960621215e-02 1.990317553e-02 2.035330608e-02
 2.096505277e-02 2.174666151e-02 2.270621434e-02 2.385168523e-02 2.519102395e-02
 2.673223987e-02 2.848349139e-02 3.045319021e-02 3.265011311e-02 3.508353606e-02
 3.776341677e-02 4.070060328e-02 4.390705749e-02 4.739607871e-02 5.118196085e-02
 5.527971685e-02 5.970462784e-02 6.447184086e-02 6.959525496e-02 7.508575171e-02
 8.094674349e-02 8.716533333e-02 9.369593859e-02 1.004310995e-01 1.071550772e-01
 1.134926826e-01 1.189163998e-01 1.229115278e-01 1.251768023e-01 1.257388145e-01
 1.249236315e-01 1.232014671e-01 1.209954247e-01 1.185828298e-01 1.161347106e-01
 1.137480512e-01 1.114716455e-01 1.093253344e-01 1.073127091e-01 1.054288000e-01
 1.036645845e-01 1.020095497e-01 1.004530564e-01 9.898503870e-02 9.759634733e-02
 5.071469583e-03 1.150616165e-02 2.035533637e-02 2.631464228e-02 2.630403452e-02
 2.554682828e-02 2.483874187e-02 2.410005406e-02 2.337244712e-02 2.267692052e-02
 2.202954143e-02 2.144401520e-02 2.093276754e-02 2.050758898e-02 2.018007077e-02
 1.996181533e-02 1.986455359e-02 1.990014501e-02 2.008046396e-02 2.041725256e-02
 2.092200145e-02 2.160587348e-02 2.247970738e-02 2.355412766e-02 2.483958192e-02
 2.634644322e-02 2.808513492e-02 3.006630391e-02 3.230100498e-02 3.480095789e-02
 3.757885844e-02 4.064882919e-02 4.402734339e-02 4.773488641e-02 5.179823190e-02
 5.624450371e-02 6.110470369e-02 6.641172618e-02 7.220584899e-02 7.854021341e-02
 8.548117429e-02 9.310843050e-02 1.015124395e-01 1.107811406e-01 1.209440008e-01
 1.318074167e-01 1.414964944e-01 1.477026790e-01 1.498273909e-01 1.476853043e-01
 1.428625286e-01 1.377833188e-01 1.329451054e-01 1.284928620e-01 1.245015636e-01
 1.209492236e-01 1.177844331e-01 1.149513647e-01 1.123986840e-01 1.100821570e-01
 1.079647467e-01 1.060158834e-01 1.042104959e-01 1.025280878e-01 1.009518728e-01
 5.130850244e-03 1.163431723e-02 2.057081647e-02 2.663112991e-02 2.675376274e-02
 2.607133985e-02 2.536132745e-02 2.463403903e-02 2.390308864e-02 2.318361588e-02
 2.249080129e-02 2.183936536e-02 2.124362998e-02 2.071776427e-02 2.027603053e-02
 1.993298531e-02 1.970362104e-02 1.960344799e-02 1.964812726e-02 1.985307783e-02
 2.023314498e-02 2.080239356e-02 2.157413028e-02 2.256137878e-02 2.377671190e-02
 2.523231320e-02 2.694027685e-02 2.891277522e-02 3.116226941e-02 3.370178118e-02
 3.654520214e-02 3.970760852e-02 4.320541397e-02 4.708416015e-02 5.136326700e-02
 5.605999008e-02 6.121360138e-02 6.690765172e-02 7.318440080e-02 8.012489974e-02
 8.785326034e-02 9.654352069e-02 1.064493358e-01 1.179554611e-01 1.316683888e-01
 1.487066746e-01 1.636800766e-01 1.723668575e-01 1.750410646e-01 1.714255661e-01
 1.618687361e-01 1.507163048e-01 1.424904317e-01 1.359844059e-01 1.306820363e-01
 1.262549907e-01 1.224819496e-01 1.192086264e-01 1.163244992e-01 1.137486473e-01
 1.114207730e-01 1.092952490e-01 1.073371395e-01 1.055193990e-01 1.038208976e-01
 5.159836262e-03 1.169701293e-02 2.067324519e-02 2.677915804e-02 2.694722079e-02
 2.629035711e-02 2.558254078e-02 2.483880520e-02 2.407342941e-02 2.330077253e-02
 2.253537811e-02 2.179202251e-02 2.108580060e-02 2.043226175e-02 1.984765381e-02
 1.934912428e-02 1.895451732e-02 1.868476905e-02 1.856114529e-02 1.860402897e-02
 1.883243583e-02 1.926312782e-02 1.990936324e-02 2.078752965e-02 2.191205323e-02
 2.329592779e-02 2.495211363e-02 2.689338848e-02 2.913248725e-02 3.168256208e-02
 3.455746919e-02 3.777206689e-02 4.134202749e-02 4.530816898e-02 4.969412088e-02
 5.451506749e-02 5.980880186e-02 6.565589458e-02 7.209213078e-02 7.919750363e-02
 8.708954602e-02 9.593214095e-02 1.059627384e-01 1.175410300e-01 1.312483698e-01
 1.482430995e-01 1.633722186e-01 1.724875420e-01 1.759881675e-01 1.736878306e-01
 1.647480130e-01 1.531791836e-01 1.447595656e-01 1.382335126e-01 1.329736561e-01
 1.286036223e-01 1.248824447e-01 1.216480434e-01 1.187874079e-01 1.162195802e-01
 1.138854399e-01 1.117411032e-01 1.097536013e-01 1.078978926e-01 1.061547026e-01
 5.168089643e-03 1.171383355e-02 2.070218138e-02 2.681389265e-02 2.697519772e-02
 2.630407177e-02 2.556680888e-02 2.477612905e-02 2.394517884e-02 2.308745310e-02
 2.221689373e-02 2.134802751e-02 2.049608901e-02 1.967722178e-02 1.890862361e-02
 1.821096428e-02 1.760885119e-02 1.712740771e-02 1.679195464e-02 1.662749797e-02
 1.665819064e-02 1.690672711e-02 1.739373058e-02 1.813740656e-02 1.915160753e-02
 2.044300176e-02 2.202684991e-02 2.391615696e-02 2.612235211e-02 2.865731157e-02
 3.153318167e-02 3.476319835e-02 3.836233541e-02 4.234870896e-02 4.674395546e-02
 5.157121271e-02 5.685625970e-02 6.262787431e-02 6.891973317e-02 7.577468455e-02
 8.324462920e-02 9.138868004e-02 1.002662703e-01 1.099148914e-01 1.202747077e-01
 1.309590489e-01 1.405010223e-01 1.473347843e-01 1.509278864e-01 1.511441767e-01
 1.482639909e-01 1.437766701e-01 1.392426640e-01 1.350830942e-01 1.313624680e-01
 1.280397326e-01 1.250525415e-01 1.223414093e-01 1.198561341e-01 1.175565571e-01
 1.154114008e-01 1.133966073e-01 1.114937812e-01 1.096888557e-01 1.079709530e-01
 5.161463283e-03 1.169758756e-02 2.066477574e-02 2.675176412e-02 2.688543685e-02
 2.616764046e-02 2.536850050e-02 2.449860983e-02 2.356925793e-02 2.259249985e-02
 2.158118971e-02 2.054904029e-02 1.951078326e-02 1.848221570e-02 1.748603955e-02
 1.654833555e-02 1.569665037e-02 1.495955884e-02 1.436627284e-02 1.394614764e-02
 1.372814365e-02 1.374021918e-02 1.400867105e-02 1.455735974e-02 1.540678833e-02
 1.657313667e-02 1.806798764e-02 1.989435591e-02 2.205285616e-02 2.455613762e-02
 2.741244994e-02 3.063075803e-02 3.422005475e-02 3.818977252e-02 4.254963249e-02
 4.730919376e-02 5.247731879e-02 5.806136504e-02 6.406615674e-02 7.049128413e-02
 7.732623816e-02 8.454132825e-02 9.207188338e-02 9.979200363e-02 1.074759215e-01
 1.147575825e-01 1.212892756e-01 1.266399920e-01 1.303956062e-01 1.324927658e-01
 1.331010610e-01 1.325740963e-01 1.313127577e-01 1.296446919e-01 1.277779639e-01
 1.258301139e-01 1.238633767e-01 1.219094619e-01 1.199845225e-01 1.180970594e-01
 1.162519753e-01 1.144525111e-01 1.127010137e-01 1.109992713e-01 1.093485653e-01
 5.143825430e-03 1.165665127e-02 2.059571818e-02 2.663675696e-02 2.670316398e-02
 2.591322549e-02 2.502503619e-02 2.404664643e-02 2.298758738e-02 2.185834758e-02
 2.067035437e-02 1.943604276e-02 1.816887408e-02 1.689152420e-02 1.563032717e-02
 1.441377774e-02 1.327221934e-02 1.223746967e-02 1.134237740e-02 1.062031183e-02
 1.010460220e-02 9.827921167e-03 9.821609594e-03 1.011496317e-02 1.073441748e-02
 1.170267817e-02 1.303767320e-02 1.475126203e-02 1.684827730e-02 1.932421513e-02
 2.215840667e-02 2.536096796e-02 2.893391438e-02 3.287840635e-02 3.719404712e-02
 4.187866300e-02 4.692707956e-02 5.232962966e-02 5.807007104e-02 6.412247568e-02
 7.044672966e-02 7.698234171e-02 8.364081383e-02 9.029755741e-02 9.678687155e-02
 1.029063016e-01 1.085463986e-01 1.135269105e-01 1.175956056e-01 1.206937209e-01
 1.228463948e-01 1.241474152e-01 1.247308329e-01 1.247364432e-01 1.242913455e-01
 1.235007346e-01 1.224484742e-01 1.212012321e-01 1.198121533e-01 1.183241159e-01
 1.167718247e-01 1.151832640e-01 1.135807708e-01 1.119818762e-01 1.104000285e-01
 5.118163303e-03 1.159765292e-02 2.047960460e-02 2.645374089e-02 2.644799836e-02
 2.556768991e-02 2.456734516e-02 2.345447801e-02 2.223722078e-02 2.092443407e-02
 1.952581108e-02 1.805194654e-02 1.652330160e-02 1.496533677e-02 1.340631302e-02
 1.187705342e-02 1.041062269e-02 9.041918442e-03 7.807190530e-03 6.743495353e-03
 5.888101179e-03 5.277851596e-03 4.948499147e-03 4.934003111e-03 5.265790503e-03
 5.971949082e-03 7.076330017e-03 8.597480133e-03 1.054734085e-02 1.292953733e-02
 1.573743112e-02 1.895353757e-02 2.253741957e-02 2.648765594e-02 3.079651296e-02
 3.545383364e-02 4.044561088e-02 4.575324059e-02 5.135153979e-02 5.720663816e-02
 6.327351928e-02 6.949325651e-02 7.579047233e-02 8.207210153e-02 8.822900057e-02
 9.414608777e-02 9.972578287e-02 1.048508510e-01 1.093892902e-01 1.132573262e-01
 1.164129749e-01 1.188484132e-01 1.205863133e-01 1.216747388e-01 1.221790537e-01
 1.221765205e-01 1.217494160e-01 1.209787279e-01 1.199407801e-01 1.187037081e-01
 1.173257977e-01 1.158551499e-01 1.143301874e-01 1.127807274e-01 1.112293005e-01
 5.086958408e-03 1.152637601e-02 2.036042325e-02 2.626086585e-02 2.615099959e-02
 2.515808679e-02 2.402381971e-02 2.275353111e-02 2.135326341e-02 1.982976124e-02
 1.819049194e-02 1.645158045e-02 1.463666372e-02 1.277274918e-02 1.089004707e-02
 9.021712467e-03 7.203484420e-03 5.473229103e-03 3.870408982e-03 2.435480244e-03
 1.209250651e-03 2.322101063e-04-4.561450914e-04-8.179867873e-04-8.178310818e-04
-4.232330830e-04 3.944617347e-04 1.659261063e-03 3.389496822e-03 5.596541800e-03
 8.283172734e-03 1.144137140e-02 1.504952926e-02 1.907172799e-02 2.344225720e-02
 2.815345675e-02 3.318708763e-02 3.852187097e-02 4.413199797e-02 4.998614639e-02
 5.604600906e-02 6.226525456e-02 6.858855486e-02 7.495114207e-02 8.127909154e-02
 8.749005944e-02 9.349284321e-02 9.918654710e-02 1.044623852e-01 1.092095226e-01
 1.133228019e-01 1.167168021e-01 1.193359569e-01 1.211657822e-01 1.222405955e-01
 1.226346269e-01 1.224507019e-01 1.218057349e-01 1.208117157e-01 1.195675731e-01
 1.181550473e-01 1.166383922e-01 1.150662005e-01 1.134740561e-01 1.118872538e-01
 5.051947199e-03 1.144657191e-02 2.020503394e-02 2.602099068e-02 2.582034655e-02
 2.470126748e-02 2.341753989e-02 2.197242901e-02 2.036986873e-02 1.861424185e-02
 1.671539992e-02 1.469434053e-02 1.257593744e-02 1.038883626e-02 8.165273815e-03
 5.940780044e-03 3.753767814e-03 1.645015785e-03-3.429380304e-04-2.166470280e-03
-3.781582229e-03-5.144616589e-03-6.212957203e-03-6.945685484e-03-7.304196246e-03
-7.252775133e-03-6.759164389e-03-5.795176607e-03-4.337418359e-03-2.368226880e-03
 1.230867638e-04 3.138595028e-03 6.669514813e-03 1.069317944e-02 1.516917814e-02
 2.003822848e-02 2.522111312e-02 3.070689924e-02 3.647333384e-02 4.249592870e-02
 4.874825105e-02 5.520057306e-02 6.181931123e-02 6.856621057e-02 7.539681345e-02
 8.225762099e-02 8.908113837e-02 9.577777237e-02 1.022250801e-01 1.082576662e-01
 1.136688814e-01 1.182241291e-01 1.217264310e-01 1.240785420e-01 1.253066361e-01
 1.255623400e-01 1.250632256e-01 1.240226328e-01 1.226263195e-01 1.210161075e-01
 1.192932203e-01 1.175264940e-01 1.157609299e-01 1.140248403e-01 1.123351902e-01
 5.014509894e-03 1.136127207e-02 2.006399632e-02 2.579214983e-02 2.546691708e-02
 2.421331219e-02 2.277015522e-02 2.113891393e-02 1.932159625e-02 1.732056215e-02
 1.515292935e-02 1.284070313e-02 1.041014399e-02 7.891676389e-03 5.319679156e-03
 2.732144436e-03 1.702006994e-04-2.322479850e-03-4.700378049e-03-6.916891318e-03
-8.925125934e-03-1.067868248e-02-1.213239226e-02-1.324296929e-02-1.396957692e-02
-1.427429169e-02-1.412249077e-02-1.348321699e-02-1.232956722e-02-1.063922327e-02
-8.395220153e-03-5.587093998e-03-2.212549793e-03 1.720281551e-03 6.189763546e-03
 1.115667541e-02 1.655958593e-02 2.230910026e-02 2.834658697e-02 3.465997428e-02
 4.123712704e-02 4.806737229e-02 5.514178053e-02 6.245343015e-02 6.999712437e-02
 7.776737958e-02 8.575291187e-02 9.392353892e-02 1.022007167e-01 1.103949770e-01
 1.180968583e-01 1.246629357e-01 1.294331104e-01 1.320624202e-01 1.326476634e-01
 1.316862702e-01 1.298295259e-01 1.275642812e-01 1.251582652e-01 1.227619573e-01
 1.204510555e-01 1.182579920e-01 1.161922663e-01 1.142518520e-01 1.124294251e-01
 4.976009950e-03 1.127354056e-02 1.989114657e-02 2.552743815e-02 2.510298789e-02
 2.371079475e-02 2.210320160e-02 2.027986571e-02 1.824052632e-02 1.599259675e-02
 1.355492882e-02 1.095084753e-02 8.208243176e-03 5.359500647e-03 2.441278659e-03
-5.058738752e-04-3.438061802e-03-6.308727432e-03-9.069446474e-03-1.167079806e-02
-1.406325493e-02-1.619805396e-02-1.802797616e-02-1.950802281e-02-2.059594169e-02
-2.125259116e-02-2.144216932e-02-2.113234252e-02-2.029432543e-02-1.890300773e-02
-1.693724468e-02-1.438043360e-02-1.122155134e-02-7.456789725e-03-3.091962077e-03
 1.854279428e-03 7.346121129e-03 1.332519576e-02 1.970651187e-02 2.637266926e-02
 3.333103657e-02 4.058674723e-02 4.815334454e-02 5.605572090e-02 6.433353573e-02
 7.304643095e-02 8.228087425e-02 9.215955436e-02 1.028555036e-01 1.146262586e-01
 1.281470805e-01 1.397666782e-01 1.468684971e-01 1.494534016e-01 1.467207819e-01
 1.410400122e-01 1.358703077e-01 1.313073933e-01 1.273385435e-01 1.239040494e-01
 1.209140643e-01 1.182854697e-01 1.159495339e-01 1.138515100e-01 1.119482890e-01
 4.937852267e-03 1.118662115e-02 1.975009032e-02 2.529566176e-02 2.474152856e-02
 2.321116999e-02 2.143935673e-02 1.942456886e-02 1.716502011e-02 1.467434783e-02
 1.197224669e-02 9.083320387e-03 6.037121173e-03 2.868061652e-03-3.848519409e-04
-3.678465495e-03-6.966102868e-03-1.019835286e-02-1.332397573e-02-1.629089378e-02
-1.904719137e-02-2.154207788e-02-2.372673713e-02-2.555502951e-02-2.698399313e-02
-2.797414735e-02-2.848957852e-02-2.849786356e-02-2.796988003e-02-2.687958255e-02
-2.520386316e-02-2.292262018e-02-2.001918480e-02-1.648130827e-02-1.230285037e-02
-7.486433256e-03-2.047136426e-03 3.982663155e-03 1.054687332e-02 1.755828969e-02
 2.489269711e-02 3.253337741e-02 4.050741345e-02 4.885701090e-02 5.764736980e-02
 6.697674096e-02 7.699378580e-02 8.792637289e-02 1.001303121e-01 1.141632870e-01
 1.309119463e-01 1.452991515e-01 1.540912241e-01 1.575639248e-01 1.556228548e-01
 1.479487121e-01 1.386849880e-01 1.320356131e-01 1.269718856e-01 1.229611561e-01
 1.196824610e-01 1.169315949e-01 1.145725176e-01 1.125111729e-01 1.106805280e-01
 4.901322536e-03 1.110358816e-02 1.958627254e-02 2.504612319e-02 2.439906634e-02
 2.273216844e-02 2.079927735e-02 1.859745011e-02 1.612762921e-02 1.340553071e-02
 1.045190543e-02 7.292741910e-03 3.959331661e-03 4.881620698e-04-3.079388058e-03
-6.697562058e-03-1.031694002e-02-1.388533413e-02-1.734881662e-02-2.065283246e-02
-2.374332212e-02-2.656777576e-02-2.907617390e-02-3.122171573e-02-3.296132386e-02
-3.425588831e-02-3.507025540e-02-3.537299111e-02-3.513596207e-02-3.433382884e-02
-3.294355422e-02-3.094404563e-02-2.831608802e-02-2.504274435e-02-2.111040801e-02
-1.651074179e-02-1.124371588e-02-5.321977194e-03 1.223460771e-03 8.336069062e-03
 1.592506655e-02 2.385959774e-02 3.208750486e-02 4.064527526e-02 4.958487675e-02
 5.898181722e-02 6.894386560e-02 7.962548733e-02 9.125249833e-02 1.041825488e-01
 1.192725226e-01 1.322879046e-01 1.406908333e-01 1.447713673e-01 1.443919092e-01
 1.388761103e-01 1.315798908e-01 1.263013780e-01 1.221809089e-01 1.188637614e-01
 1.161268726e-01 1.138192341e-01 1.118350029e-01 1.100981459e-01 1.085529178e-01
 4.867187701e-03 1.102608163e-02 1.946259476e-02 2.484413981e-02 2.408256754e-02
 2.228510194e-02 2.020060644e-02 1.782353595e-02 1.515872683e-02 1.222255360e-02
 9.036799893e-03 5.628841929e-03 2.031706739e-03-1.716065453e-03-5.570771173e-03
-9.484128095e-03-1.340407971e-02-1.727580279e-02-2.104285918e-02-2.464843169e-02
-2.803656273e-02-3.115332127e-02-3.394780681e-02-3.637294471e-02-3.838598728e-02
-3.994872048e-02-4.102738574e-02-4.159231484e-02-4.161733761e-02-4.107907787e-02
-3.995616734e-02-3.822858259e-02-3.587718308e-02-3.288365528e-02-2.923102863e-02
-2.490503341e-02-1.989648491e-02-1.420497242e-02-7.844111882e-03-8.484434220e-04
 6.718221586e-03 1.475246251e-02 2.310293354e-02 3.167160600e-02 4.047534987e-02
 4.953188449e-02 5.885689333e-02 6.845130771e-02 7.827232778e-02 8.816508204e-02
 9.772604704e-02 1.061526015e-01 1.126802266e-01 1.169398353e-01 1.188842729e-01
 1.188180894e-01 1.175070778e-01 1.157458648e-01 1.139328554e-01 1.122228131e-01
 1.106601804e-01 1.092452630e-01 1.079623625e-01 1.067914590e-01 1.057129949e-01
 4.835999571e-03 1.095509995e-02 1.932308823e-02 2.462924458e-02 2.378779091e-02
 2.187684737e-02 1.965769380e-02 1.712402329e-02 1.428492740e-02 1.115760300e-02
 7.764906157e-03 4.135587253e-03 3.043472534e-04-3.688314464e-03-7.796497084e-03
-1.196955144e-02-1.615297608e-02-2.028952725e-02-2.432049252e-02-2.818704210e-02
-3.183158487e-02-3.519903123e-02-3.823788092e-02-4.090106115e-02-4.314643145e-02
-4.493700713e-02-4.624078050e-02-4.703029618e-02-4.728193209e-02-4.697502032e-02
-4.609090090e-02-4.461198673e-02-4.252105951e-02-3.980084509e-02-3.643416613e-02
-3.240478784e-02-2.769927867e-02-2.231010422e-02-1.624025218e-02-9.509626776e-03
-2.163353842e-03 5.718348082e-03 1.400847919e-02 2.252334170e-02 3.111121431e-02
 3.974903747e-02 4.839722067e-02 5.699057505e-02 6.542235613e-02 7.352704555e-02
 8.107183129e-02 8.779447526e-02 9.345253557e-02 9.789147973e-02 1.010910943e-01
 1.031700820e-01 1.043438762e-01 1.048622727e-01 1.049515754e-01 1.047756970e-01
 1.044417843e-01 1.040155515e-01 1.035356969e-01 1.030242071e-01 1.024931446e-01
 4.808653612e-03 1.089282893e-02 1.922280155e-02 2.446514927e-02 2.352988347e-02
 2.152079344e-02 1.918569952e-02 1.651781052e-02 1.352945063e-02 1.023854595e-02
 6.668958813e-03 2.850715537e-03-1.179940300e-03-5.380725488e-03-9.703757241e-03
-1.409626473e-02-1.850157604e-02-2.286031842e-02-2.711179852e-02-3.119546548e-02
-3.505236655e-02-3.862650692e-02-4.186598957e-02-4.472390935e-02-4.715889692e-02
-4.913527519e-02-5.062291026e-02-5.159666762e-02-5.203563720e-02-5.192213133e-02
-5.124059692e-02-4.997655004e-02-4.811563715e-02-4.564300552e-02-4.254314676e-02
-3.880038485e-02-3.440028057e-02-2.933216840e-02-2.359316126e-02-1.719382964e-02
-1.016576681e-02-2.571049146e-03 5.486981478e-03 1.385199744e-02 2.230559662e-02
 3.065897152e-02 3.886252642e-02 4.685061052e-02 5.453937501e-02 6.182627007e-02
 6.859606504e-02 7.473058254e-02 8.013094962e-02 8.473650366e-02 8.853562921e-02
 9.156742692e-02 9.391398728e-02 9.568116069e-02 9.697745740e-02 9.790243953e-02
 9.853912890e-02 9.895277768e-02 9.919281304e-02 9.929598868e-02 9.928950667e-02
 4.786085803e-03 1.084144693e-02 1.912148669e-02 2.430897765e-02 2.331745997e-02
 2.122782543e-02 1.879737526e-02 1.602114365e-02 1.291208901e-02 9.488885291e-03
 5.776318256e-03 1.805540291e-03-2.385869622e-03-6.754102185e-03-1.124959067e-02
-1.581778191e-02-2.040018328e-02-2.493565716e-02-2.936188132e-02-3.361690789e-02
-3.764070570e-02-4.137658700e-02-4.477242380e-02-4.778156057e-02-5.036337674e-02
-5.248345807e-02-5.411338806e-02-5.523018166e-02-5.581543595e-02-5.585426837e-02
-5.533412099e-02-5.424358323e-02-5.257134140e-02-5.030537024e-02-4.743255675e-02
-4.393892735e-02-3.981065750e-02-3.503615782e-02-2.960944921e-02-2.353508584e-02
-1.683486067e-02-9.556250647e-03-1.782433013e-03 6.357124541e-03 1.467653457e-02
 2.292761207e-02 3.092798591e-02 3.863019124e-02 4.597964883e-02 5.291653052e-02
 5.937932432e-02 6.531143934e-02 7.066729665e-02 7.541880757e-02 7.956005633e-02
 8.310800791e-02 8.609910309e-02 8.858392388e-02 9.062103182e-02 9.227015823e-02
 9.358778596e-02 9.462452680e-02 9.542412311e-02 9.602346271e-02 9.645324945e-02
 4.769047257e-03 1.080267038e-02 1.906023733e-02 2.420865744e-02 2.315748110e-02
 2.100731991e-02 1.850541309e-02 1.564831845e-02 1.244934741e-02 8.927698247e-03
 5.108852871e-03 1.024834695e-03-3.285744227e-03-7.777893916e-03-1.240074914e-02
-1.709838770e-02-2.181092463e-02-2.647588030e-02-3.102970310e-02-3.540940210e-02
-3.955415264e-02-4.340678081e-02-4.691503197e-02-5.003248900e-02-5.271917209e-02
-5.494169518e-02-5.667303875e-02-5.789195374e-02-5.858207121e-02-5.873076990e-02
-5.832795799e-02-5.736479536e-02-5.583256111e-02-5.372172594e-02-5.102145672e-02
-4.771959037e-02-4.380341619e-02-3.926134109e-02-3.408578783e-02-2.827746980e-02
-2.185129747e-02-1.484394446e-02-7.322883233e-03 6.036845734e-04 8.777394891e-03
 1.698246226e-02 2.494510077e-02 3.255503625e-02 3.978157416e-02 4.659182206e-02
 5.295323581e-02 5.883650854e-02 6.421899050e-02 6.908747554e-02 7.343995571e-02
 7.728610188e-02 8.064655215e-02 8.355077356e-02 8.603426814e-02 8.813593537e-02
 8.989546448e-02 9.135145694e-02 9.254008532e-02 9.349436313e-02 9.424387664e-02
 4.758066498e-03 1.077768579e-02 1.900929399e-02 2.413070947e-02 2.305454947e-02
 2.086574957e-02 1.831818745e-02 1.540950872e-02 1.215324923e-02 8.568949066e-03
 4.682543222e-03 5.266261869e-04-3.859511344e-03-8.430102840e-03-1.313343272e-02
-1.791268028e-02-2.270705812e-02-2.745320834e-02-3.208678961e-02-3.654414043e-02
-4.076393321e-02-4.468869790e-02-4.826610163e-02-5.144991726e-02-5.420060456e-02
-5.648546293e-02-5.827840790e-02-5.955934152e-02-6.031324714e-02-6.052901596e-02
-6.019819528e-02-5.931366608e-02-5.786846951e-02-5.585480109e-02-5.326340720e-02
-5.008347332e-02-4.630318657e-02-4.191118106e-02-3.689908609e-02-3.126539290e-02
-2.502082288e-02-1.819530688e-02-1.084641833e-02-3.068822902e-03 4.996274598e-03
 1.315342635e-02 2.114888839e-02 2.875431813e-02 3.595549986e-02 4.273530841e-02
 4.907613993e-02 5.496227369e-02 6.038187072e-02 6.532868743e-02 6.980324537e-02
 7.381327450e-02 7.737347484e-02 8.050467819e-02 8.323264122e-02 8.558650315e-02
 8.759731054e-02 8.929666132e-02 9.071563184e-02 9.188392758e-02 9.282935411e-02
 4.753475077e-03 1.076722890e-02 1.899569109e-02 2.410703711e-02 2.301148139e-02
 2.080702782e-02 1.824078709e-02 1.531098876e-02 1.203128323e-02 8.421364240e-03
 4.507371690e-03 3.221478546e-04-4.094719887e-03-8.697127923e-03-1.343299635e-02
-1.824511588e-02-2.307231352e-02-2.785086073e-02-3.251607716e-02-3.700401634e-02
-4.125314578e-02-4.520586133e-02-4.880981147e-02-5.201883987e-02-5.479358882e-02
-5.710164458e-02-5.891730264e-02-6.022094935e-02-6.099810451e-02-6.123828515e-02
-6.093369052e-02-6.007791311e-02-5.866468698e-02-5.668690056e-02-5.413594842e-02
-5.100154504e-02-4.727224261e-02-4.293678328e-02-3.798649460e-02-3.241901472e-02
-2.624343708e-02-1.948704943e-02-1.220352016e-02-4.482105374e-03 3.543109866e-03
 1.168554928e-02 1.970262080e-02 2.731782757e-02 3.452134132e-02 4.130098969e-02
 4.764410108e-02 5.353933573e-02 5.897839740e-02 6.395740062e-02 6.847783923e-02
 7.254705578e-02 7.617815584e-02 7.938951254e-02 8.220389485e-02 8.464735746e-02
 8.674808592e-02 8.853524923e-02 9.003803879e-02 9.128485620e-02 9.230270237e-02
 4.755441099e-03 1.077168901e-02 1.900034398e-02 2.411559783e-02 2.302983217e-02
 2.083296515e-02 1.827538945e-02 1.535535883e-02 1.208650135e-02 8.488468826e-03
 4.587339703e-03 4.158750817e-04-3.986438736e-03-8.573617786e-03-1.329371054e-02
-1.808965392e-02-2.290041558e-02-2.766241133e-02-3.231108561e-02-3.678260744e-02
-4.101551324e-02-4.495225474e-02-4.854047298e-02-5.173397064e-02-5.449329317e-02
-5.678588152e-02-5.858583376e-02-5.987328663e-02-6.063347682e-02-6.085558236e-02
-6.053143367e-02-5.965422094e-02-5.821725726e-02-5.621301010e-02-5.363246053e-02
-5.046495795e-02-4.669877142e-02-4.232250899e-02-3.732760996e-02-3.171214089e-02
-2.548612468e-02-1.867842115e-02-1.134510338e-02-3.578833304e-03 4.481731914e-03
 1.264423411e-02 2.065890096e-02 2.827830240e-02 3.548979759e-02 4.227799177e-02
 4.862699658e-02 5.452252924e-02 5.995393544e-02 6.491578370e-02 6.940893829e-02
 7.344102114e-02 7.702627033e-02 8.018480986e-02 8.294147998e-02 8.532450348e-02
 8.736409992e-02 8.909118176e-02 9.053632617e-02 9.172888845e-02 9.269650280e-02
 4.763942212e-03 1.079103071e-02 1.903722808e-02 2.417287230e-02 2.310970053e-02
 2.094306424e-02 1.842119731e-02 1.554153115e-02 1.231752709e-02 8.768593892e-03
 4.920483567e-03 8.055479266e-04-3.537218086e-03-8.062395267e-03-1.271865889e-02
-1.744960248e-02-2.219486982e-02-2.689151652e-02-3.147558495e-02-3.588373214e-02
-4.005487263e-02-4.393166676e-02-4.746179283e-02-5.059890077e-02-5.330316350e-02
-5.554146692e-02-5.728714913e-02-5.851939693e-02-5.922234058e-02-5.938390270e-02
-5.899454653e-02-5.804599822e-02-5.653007701e-02-5.443775654e-02-5.175860599e-02
-4.848076403e-02-4.459163547e-02-4.007950798e-02-3.493635356e-02-2.916199900e-02
-2.276991121e-02-1.579463668e-02-8.300753310e-03-3.927267971e-04 7.775491104e-03
 1.599294879e-02 2.398913540e-02 3.161980584e-02 3.885919973e-02 4.567871988e-02
 5.204966292e-02 5.794641376e-02 6.334917247e-02 6.824649125e-02 7.263699919e-02
 7.652992755e-02 7.994429767e-02 8.290734142e-02 8.545231819e-02 8.761588484e-02
 8.943584561e-02 9.094933420e-02 9.219153970e-02 9.319492429e-02 9.398882836e-02
 4.778729752e-03 1.082468033e-02 1.909718476e-02 2.426761948e-02 2.324848436e-02
 2.113426104e-02 1.867428795e-02 1.586464792e-02 1.271850616e-02 9.254845791e-03
 5.498847459e-03 1.482147607e-03-2.757116454e-03-7.174509577e-03-1.171979029e-02
-1.633770391e-02-2.096905932e-02-2.555204555e-02-3.002373315e-02-3.432165831e-02
-3.838539124e-02-4.215799272e-02-4.558722302e-02-4.862648994e-02-5.123539269e-02
-5.337988213e-02-5.503203720e-02-5.616949126e-02-5.677454174e-02-5.683304742e-02
-5.633324012e-02-5.526447669e-02-5.361617357e-02-5.137694627e-02-4.853419587e-02
-4.507424682e-02-4.098330811e-02-3.624944389e-02-3.086581826e-02-2.483549155e-02
-1.817793399e-02-1.093735173e-02-3.192519536e-03 4.932564683e-03 1.325857732e-02
 2.154419571e-02 2.956377901e-02 3.727138415e-02 4.461697116e-02 5.154659599e-02
 5.800580606e-02 6.394404173e-02 6.932127476e-02 7.411336899e-02 7.831520587e-02
 8.194139600e-02 8.502455056e-02 8.761038631e-02 8.975172788e-02 9.150365740e-02
 9.291926771e-02 9.404701740e-02 9.492948651e-02 9.560319036e-02 9.609895945e-02
 4.799362272e-03 1.087163016e-02 1.918047667e-02 2.439942956e-02 2.344210818e-02
 2.140107751e-02 1.902759820e-02 1.631602831e-02 1.327907015e-02 9.935083799e-03
 6.308458745e-03 2.429847140e-03-1.663788687e-03-5.929363426e-03-1.031812839e-02
-1.477641612e-02-1.924665086e-02-2.366859280e-02-2.798075788e-02-3.212191537e-02
-3.603258356e-02-3.965640441e-02-4.294132441e-02-4.584048316e-02-4.831273854e-02
-5.032284930e-02-5.184127390e-02-5.284360796e-02-5.330976844e-02-5.322296917e-02
-5.256856233e-02-5.133295059e-02-4.950257763e-02-4.706325382e-02-4.399991035e-02
-4.029700905e-02-3.593983874e-02-3.091693111e-02-2.522391453e-02-1.886901632e-02
-1.188049745e-02-4.315908067e-03 3.727029776e-03 1.209899876e-02 2.058907598e-02
 2.895743400e-02 3.715208918e-02 4.511003196e-02 5.275247246e-02 5.998530611e-02
 6.670434773e-02 7.280918211e-02 7.821584493e-02 8.287161589e-02 8.676610142e-02
 8.993243426e-02 9.243834764e-02 9.437384456e-02 9.583697468e-02 9.691948444e-02
 9.769994766e-02 9.824181348e-02 9.859447181e-02 9.879563004e-02 9.887386113e-02
 4.825225566e-03 1.093048509e-02 1.928852499e-02 2.456893772e-02 2.368491143e-02
 2.173551917e-02 1.947034150e-02 1.688303240e-02 1.398435142e-02 1.079197135e-02
 7.329358719e-03 3.625994781e-03-2.825729025e-04-4.354900680e-03-8.544066921e-03
-1.279835403e-02-1.706218719e-02-2.127728239e-02-2.538396977e-02-2.932258509e-02
-3.303487226e-02-3.646528348e-02-3.956206888e-02-4.227814078e-02-4.457158595e-02
-4.640584812e-02-4.774954170e-02-4.857598618e-02-4.886243492e-02-4.858915508e-02
-4.773839936e-02-4.629344866e-02-4.423778132e-02-4.155460745e-02-3.822689503e-02
-3.423812985e-02-2.957400680e-02-2.422541566e-02-1.819288731e-02-1.149287447e-02
-4.165884573e-03 3.713398008e-03 1.202489994e-02 2.059146203e-02 2.920411155e-02
 3.783252090e-02 4.643390328e-02 5.494019017e-02 6.324564666e-02 7.119521499e-02
 7.858621329e-02 8.518707007e-02 9.079733491e-02 9.529578686e-02 9.866297990e-02
 1.009858251e-01 1.024416983e-01 1.032467037e-01 1.035982594e-01 1.036505923e-01
 1.035105288e-01 1.032471806e-01 1.029036418e-01 1.025062576e-01 1.020709351e-01
 4.855547566e-03 1.099948492e-02 1.940811798e-02 2.475962043e-02 2.396954224e-02
 2.212790959e-02 1.998984627e-02 1.755009964e-02 1.481559873e-02 1.180333644e-02
 8.535803296e-03 5.041194614e-03 1.353477710e-03-2.487757243e-03-6.437666249e-03
-1.044676732e-02-1.446178928e-02-1.842672564e-02-2.228403091e-02-2.597591467e-02
-2.944562212e-02-3.263863921e-02-3.550371528e-02-3.799367696e-02-4.006591812e-02
-4.168260843e-02-4.281055182e-02-4.342079908e-02-4.348799214e-02-4.298958182e-02
-4.190499336e-02-4.021484405e-02-3.790040314e-02-3.494341299e-02-3.132650629e-02
-2.703437954e-02-2.205605432e-02-1.638841256e-02-1.004128903e-02-3.044243436e-03
 4.544718191e-03 1.262949686e-02 2.106457390e-02 2.969226055e-02 3.852030262e-02
 4.755885154e-02 5.681160092e-02 6.626327336e-02 7.584949583e-02 8.538632095e-02
 9.443676472e-02 1.023750901e-01 1.086587980e-01 1.129874364e-01 1.153228953e-01
 1.159044877e-01 1.152460277e-01 1.139802560e-01 1.125435159e-01 1.111215800e-01
 1.097818390e-01 1.085417494e-01 1.073980331e-01 1.063395441e-01 1.053530723e-01
 4.889428150e-03 1.107658446e-02 1.955183782e-02 2.498397976e-02 2.428743802e-02
 2.256718650e-02 2.057234198e-02 1.829917915e-02 1.575042121e-02 1.294234395e-02
 9.896391071e-03 6.639391650e-03 3.203618107e-03-3.733297635e-04-4.048854578e-03
-7.775907405e-03-1.150374673e-02-1.517888252e-02-1.874615811e-02-2.214991860e-02
-2.533517033e-02-2.824869193e-02-3.083997965e-02-3.306200728e-02-3.487171605e-02
-3.623023257e-02-3.710282594e-02-3.745861351e-02-3.727007285e-02-3.651244938e-02
-3.516317159e-02-3.320138901e-02-3.060777485e-02-2.736479416e-02-2.345760912e-02
-1.887586899e-02-1.361658424e-02-7.688293234e-03-1.116731903e-03 6.047904957e-03
 1.372317970e-02 2.178411186e-02 3.012035228e-02 3.876235336e-02 4.775732383e-02
 5.717149749e-02 6.709782034e-02 7.766567916e-02 8.905717731e-02 1.015444621e-01
 1.153183430e-01 1.270797998e-01 1.349759549e-01 1.391411573e-01 1.394520849e-01
 1.354693323e-01 1.296211332e-01 1.249021664e-01 1.211403832e-01 1.180691421e-01
 1.155096516e-01 1.133356094e-01 1.114555895e-01 1.098023355e-01 1.083256677e-01
 4.925882909e-03 1.115955599e-02 1.969327591e-02 2.521071769e-02 2.463022619e-02
 2.304080129e-02 2.120093256e-02 1.910853386e-02 1.676220447e-02 1.417728513e-02
 1.137408242e-02 8.378000930e-03 5.219579674e-03 1.934369095e-03-1.437360304e-03
-4.851100966e-03-8.258779533e-03-1.160959154e-02-1.485096663e-02-1.792960614e-02
-2.079253830e-02-2.338810824e-02-2.566686459e-02-2.758226544e-02-2.909117937e-02
-3.015414625e-02-3.073543124e-02-3.080287762e-02-3.032763489e-02-2.928383648e-02
-2.764835022e-02-2.540070936e-02-2.252341248e-02-1.900276169e-02-1.483041327e-02
-1.000586152e-02-4.540035967e-03 1.539745135e-03 8.183675818e-03 1.531275269e-02
 2.280961908e-02 3.060231358e-02 3.871663660e-02 4.719552025e-02 5.610347539e-02
 6.553758681e-02 7.564371824e-02 8.664344996e-02 9.887786955e-02 1.128717139e-01
 1.290064752e-01 1.427390128e-01 1.513186991e-01 1.549997926e-01 1.537052244e-01
 1.469729543e-01 1.383153498e-01 1.317324936e-01 1.267153025e-01 1.227454692e-01
 1.195051670e-01 1.167907119e-01 1.144660115e-01 1.124368906e-01 1.106361896e-01
 4.963825922e-03 1.124594174e-02 1.985667832e-02 2.546487749e-02 2.498658374e-02
 2.353375964e-02 2.185553126e-02 1.995114237e-02 1.781981252e-02 1.547180582e-02
 1.292662043e-02 1.020842511e-02 7.346122526e-03 4.373266362e-03 1.327813370e-03
-1.748293405e-03-4.809707403e-03-7.808410563e-03-1.069456059e-02-1.341740973e-02
-1.592624374e-02-1.817128062e-02-2.010448650e-02-2.168024704e-02-2.285588160e-02
-2.359198593e-02-2.385259792e-02-2.360524982e-02-2.282096259e-02-2.147425711e-02
-1.954331249e-02-1.701042056e-02-1.386285760e-02-1.009439304e-02-5.707549397e-03
-7.168853190e-04 4.846665543e-03 1.093080640e-02 1.745521836e-02 2.430074103e-02
 3.143401816e-02 3.886136785e-02 4.659921676e-02 5.467578396e-02 6.313617527e-02
 7.204877585e-02 8.151498437e-02 9.168438613e-02 1.027819216e-01 1.151728481e-01
 1.292371005e-01 1.410872042e-01 1.483417451e-01 1.510916352e-01 1.485106945e-01
 1.427865028e-01 1.372152418e-01 1.321396828e-01 1.278812885e-01 1.242777556e-01
 1.211870313e-01 1.184983924e-01 1.161275581e-01 1.140105575e-01 1.120985746e-01
 5.002068356e-03 1.133304276e-02 2.000243403e-02 2.570042387e-02 2.534718066e-02
 2.403189056e-02 2.251684852e-02 2.080292441e-02 1.889147051e-02 1.678694785e-02
 1.450786926e-02 1.207714528e-02 9.522086941e-03 6.874312647e-03 4.169519059e-03
 1.447116141e-03-1.250281231e-03-3.877491225e-03-6.387504749e-03-8.732295595e-03
-1.086365245e-02-1.273399685e-02-1.429713424e-02-1.550891437e-02-1.632777601e-02
-1.671517454e-02-1.663590968e-02-1.605840400e-02-1.495500188e-02-1.330237184e-02
-1.108215190e-02-8.281945251e-03-4.896836821e-03-9.316020878e-04 3.596250899e-03
 8.652775548e-03 1.418291684e-02 2.010517754e-02 2.631431259e-02 3.280226141e-02
 3.955687955e-02 4.656877741e-02 5.383132771e-02 6.134162471e-02 6.910061091e-02
 7.711230963e-02 8.538007736e-02 9.389583766e-02 1.026119143e-01 1.113648564e-01
 1.196961254e-01 1.267666519e-01 1.318178326e-01 1.345016360e-01 1.348923594e-01
 1.335901916e-01 1.313580573e-01 1.287371814e-01 1.260586381e-01 1.234661490e-01
 1.210164577e-01 1.187258139e-01 1.165917441e-01 1.146037057e-01 1.127483770e-01
 5.039308686e-03 1.141791977e-02 2.016630583e-02 2.595413290e-02 2.569949999e-02
 2.451864071e-02 2.316323668e-02 2.163595147e-02 1.994019188e-02 1.807972975e-02
 1.606783457e-02 1.392646879e-02 1.168156974e-02 9.362968616e-03 7.004213519e-03
 4.642253276e-03 2.317000646e-03 7.077732153e-05-2.052330878e-03-4.007186275e-03
-5.748345051e-03-7.230797783e-03-8.410682902e-03-9.245942347e-03-9.696909226e-03
-9.726850316e-03-9.302462451e-03-8.394412696e-03-6.977955811e-03-5.033755209e-03
-2.549006138e-03 4.809850070e-04 4.050636664e-03 8.141385391e-03 1.271830872e-02
 1.772590727e-02 2.307620458e-02 2.872972190e-02 3.466444835e-02 4.085853696e-02
 4.728690162e-02 5.392127857e-02 6.072988734e-02 6.767655164e-02 7.471933961e-02
 8.180800080e-02 8.887897432e-02 9.584640712e-02 1.025874913e-01 1.089248881e-01
 1.146202013e-01 1.194140241e-01 1.230832115e-01 1.255112439e-01 1.267327517e-01
 1.269084811e-01 1.262749135e-01 1.250835061e-01 1.235421002e-01 1.218049601e-01
 1.199770868e-01 1.181263551e-01 1.162949055e-01 1.145077795e-01 1.127789021e-01
 5.074132700e-03 1.149735320e-02 2.029524557e-02 2.616603300e-02 2.603023686e-02
 2.497646399e-02 2.377210371e-02 2.242186107e-02 2.093128674e-02 1.930657402e-02
 1.755473390e-02 1.569628716e-02 1.375578530e-02 1.176134590e-02 9.744450450e-03
 7.739652880e-03 5.784188863e-03 3.917491063e-03 2.180619398e-03 6.156296004e-04
-7.350993110e-04-1.829551533e-03-2.626757603e-03-3.087461460e-03-3.174771788e-03
-2.854813822e-03-2.097418066e-03-8.768946864e-04 8.270201506e-04 3.027942032e-03
 5.731240846e-03 8.932050318e-03 1.261273213e-02 1.673965156e-02 2.125603519e-02
 2.611315623e-02 3.129642084e-02 3.678442165e-02 4.255197942e-02 4.856836051e-02
 5.479635298e-02 6.119081751e-02 6.769737601e-02 7.425124198e-02 8.077619225e-02
 8.718443662e-02 9.337908030e-02 9.925808758e-02 1.047156900e-01 1.096415594e-01
 1.139259487e-01 1.174699068e-01 1.202054620e-01 1.221116036e-01 1.232189313e-01
 1.236077994e-01 1.233915165e-01 1.226947159e-01 1.216392741e-01 1.203317940e-01
 1.188590676e-01 1.172881052e-01 1.156685501e-01 1.140360311e-01 1.124152988e-01
 5.105006509e-03 1.156790834e-02 2.043682896e-02 2.638296038e-02 2.632657997e-02
 2.538738027e-02 2.432015166e-02 2.313135564e-02 2.182853222e-02 2.041993663e-02
 1.891452074e-02 1.732498780e-02 1.567484252e-02 1.399064809e-02 1.230193954e-02
 1.064094063e-02 9.042222053e-03 7.542269770e-03 6.178979296e-03 4.991087131e-03
 4.017553758e-03 3.296917770e-03 2.866624389e-03 2.762338147e-03 3.017226001e-03
 3.661194118e-03 4.720033612e-03 6.214404479e-03 8.158614859e-03 1.055915747e-02
 1.341280714e-02 1.670438051e-02 2.040171064e-02 2.446779795e-02 2.889951691e-02
 3.368490189e-02 3.880996257e-02 4.425578192e-02 4.999713227e-02 5.600067973e-02
 6.222250313e-02 6.860557944e-02 7.507746667e-02 8.154882491e-02 8.791299164e-02
 9.403994679e-02 9.975940734e-02 1.049470454e-01 1.095481589e-01 1.134997904e-01
 1.167538539e-01 1.192924827e-01 1.211282462e-01 1.222994998e-01 1.228666231e-01
 1.229045913e-01 1.224965006e-01 1.217274740e-01 1.206781268e-01 1.194209233e-01
 1.180178598e-01 1.165198907e-01 1.149674207e-01 1.133915558e-01 1.118155494e-01
 5.130156875e-03 1.162564382e-02 2.052563243e-02 2.653512545e-02 2.657435089e-02
 2.573244832e-02 2.478322946e-02 2.373499610e-02 2.259716205e-02 2.137992531e-02
 2.009429969e-02 1.875219308e-02 1.737045310e-02 1.597424224e-02 1.459118258e-02
 1.325117797e-02 1.198608894e-02 1.082934160e-02 9.815470316e-03 8.979594335e-03
 8.356843144e-03 7.981732488e-03 7.887497544e-03 8.105376735e-03 8.663829416e-03
 9.587659501e-03 1.089702733e-02 1.260635443e-02 1.472285390e-02 1.724510081e-02
 2.015870810e-02 2.344518341e-02 2.711071447e-02 3.115477413e-02 3.557698056e-02
 4.037454352e-02 4.554143921e-02 5.106714740e-02 5.693472922e-02 6.311777979e-02
 6.957639009e-02 7.625170052e-02 8.305958658e-02 8.988493681e-02 9.657986462e-02
 1.029696837e-01 1.086905599e-01 1.135338768e-01 1.175536364e-01 1.206800193e-01
 1.229159087e-01 1.243302748e-01 1.250323653e-01 1.251482368e-01 1.247961447e-01
 1.240779385e-01 1.230777875e-01 1.218642965e-01 1.204937175e-01 1.190122068e-01
 1.174575761e-01 1.158604622e-01 1.142453551e-01 1.126314327e-01 1.110333577e-01
 5.147337914e-03 1.166555192e-02 2.061517164e-02 2.667057887e-02 2.675465494e-02
 2.598881721e-02 2.513418533e-02 2.420102619e-02 2.320067957e-02 2.214512788e-02
 2.104703337e-02 1.991984621e-02 1.877796091e-02 1.764046773e-02 1.653310843e-02
 1.548338309e-02 1.452032849e-02 1.367412787e-02 1.297569647e-02 1.245618518e-02
 1.214643568e-02 1.207636483e-02 1.227429230e-02 1.276619080e-02 1.357486099e-02
 1.471898239e-02 1.621201076e-02 1.806126162e-02 2.026364952e-02 2.281794883e-02
 2.573516034e-02 2.902268618e-02 3.268956020e-02 3.674514219e-02 4.119883850e-02
 4.605954513e-02 5.133499950e-02 5.703096464e-02 6.314969808e-02 6.968795508e-02
 7.663204521e-02 8.394886553e-02 9.157071263e-02 9.937136620e-02 1.071368828e-01
 1.145571917e-01 1.210295111e-01 1.261328012e-01 1.298204958e-01 1.320038289e-01
 1.327963471e-01 1.324846148e-01 1.314297616e-01 1.299327314e-01 1.281993538e-01
 1.263516098e-01 1.244573295e-01 1.225536466e-01 1.206613407e-01 1.187928319e-01
 1.169563010e-01 1.151576489e-01 1.134013683e-01 1.116909161e-01 1.100288853e-01
 5.153550766e-03 1.168102864e-02 2.063255757e-02 2.671145089e-02 2.684548311e-02
 2.612932585e-02 2.534106188e-02 2.449340932e-02 2.359953336e-02 2.267291397e-02
 2.172741666e-02 2.077743597e-02 1.983805001e-02 1.892524399e-02 1.805851050e-02
 1.726287790e-02 1.656436175e-02 1.598967053e-02 1.556579676e-02 1.531954110e-02
 1.527698524e-02 1.546288934e-02 1.590003073e-02 1.660841145e-02 1.760452427e-02
 1.890005171e-02 2.049825713e-02 2.241067775e-02 2.464949898e-02 2.722543292e-02
 3.015034273e-02 3.343699127e-02 3.710033372e-02 4.115912318e-02 4.563723877e-02
 5.055922642e-02 5.594971031e-02 6.183267757e-02 6.823714823e-02 7.520075887e-02
 8.276899159e-02 9.099140763e-02 9.991203994e-02 1.095421463e-01 1.197742075e-01
 1.300612688e-01 1.390341669e-01 1.455270797e-01 1.491107345e-01 1.496819407e-01
 1.474839300e-01 1.435827613e-01 1.393729746e-01 1.354271322e-01 1.318512261e-01
 1.286277324e-01 1.257084757e-01 1.230428442e-01 1.205866411e-01 1.183038950e-01
 1.161663979e-01 1.141524091e-01 1.122453064e-01 1.104324162e-01 1.087039262e-01
 5.144448951e-03 1.166254841e-02 2.061823197e-02 2.669257112e-02 2.681578696e-02
 2.611628920e-02 2.536209859e-02 2.456775308e-02 2.374789119e-02 2.291686274e-02
 2.208912186e-02 2.127934806e-02 2.050258592e-02 1.977440529e-02 1.911115833e-02
 1.853113249e-02 1.805716194e-02 1.771221124e-02 1.751902886e-02 1.749969646e-02
 1.767510176e-02 1.806440763e-02 1.868440025e-02 1.954778284e-02 2.066504955e-02
 2.205105871e-02 2.371814847e-02 2.567860112e-02 2.794480324e-02 3.052923642e-02
 3.344484419e-02 3.670523316e-02 4.032379389e-02 4.435222223e-02 4.881891608e-02
 5.373200029e-02 5.912902579e-02 6.510417163e-02 7.167030871e-02 7.890295982e-02
 8.691694587e-02 9.586980939e-02 1.059869751e-01 1.176064163e-01 1.312733442e-01
 1.478281617e-01 1.617427617e-01 1.702874005e-01 1.738042086e-01 1.721446067e-01
 1.645794958e-01 1.535887569e-01 1.453323960e-01 1.389091313e-01 1.337154210e-01
 1.293882430e-01 1.256942451e-01 1.224758923e-01 1.196230650e-01 1.170568243e-01
 1.147194579e-01 1.125682071e-01 1.105709597e-01 1.087033823e-01 1.069467887e-01
 5.113414023e-03 1.159552764e-02 2.049585059e-02 2.652097307e-02 2.661410719e-02
 2.589030750e-02 2.513668314e-02 2.436590567e-02 2.359011024e-02 2.282392979e-02
 2.208229899e-02 2.137979306e-02 2.073070593e-02 2.014933527e-02 1.965030096e-02
 1.924882084e-02 1.896083727e-02 1.880536228e-02 1.880060881e-02 1.896362752e-02
 1.930956542e-02 1.985119097e-02 2.060312591e-02 2.157849446e-02 2.278954536e-02
 2.424855344e-02 2.596751601e-02 2.795837075e-02 3.023323230e-02 3.280464187e-02
 3.568576649e-02 3.889051825e-02 4.243320227e-02 4.637491331e-02 5.073609576e-02
 5.552676693e-02 6.078671664e-02 6.661810726e-02 7.304316014e-02 8.013976365e-02
 8.803603053e-02 9.691087157e-02 1.070250124e-01 1.187731102e-01 1.327693313e-01
 1.498439312e-01 1.638764888e-01 1.720930338e-01 1.747854948e-01 1.717954725e-01
 1.633026004e-01 1.521309018e-01 1.437384486e-01 1.371345520e-01 1.317698061e-01
 1.273000836e-01 1.234955192e-01 1.201969683e-01 1.172911301e-01 1.146954671e-01
 1.123487204e-01 1.102047563e-01 1.082283482e-01 1.063923463e-01 1.046755761e-01
 5.049767438e-03 1.145832613e-02 2.027621493e-02 2.619384229e-02 2.612572350e-02
 2.532599866e-02 2.459174581e-02 2.382118441e-02 2.306086756e-02 2.233214863e-02
 2.165084332e-02 2.103035152e-02 2.048292384e-02 2.002039365e-02 1.965464652e-02
 1.939787716e-02 1.926271059e-02 1.926231757e-02 1.940985024e-02 1.971808448e-02
 2.019918896e-02 2.086471207e-02 2.172599733e-02 2.279401384e-02 2.407942899e-02
 2.559276484e-02 2.734453790e-02 2.934543975e-02 3.160652891e-02 3.413950279e-02
 3.695702180e-02 4.007333517e-02 4.350554943e-02 4.727720097e-02 5.141985416e-02
 5.596304685e-02 6.093941629e-02 6.638132036e-02 7.232713699e-02 7.883239537e-02
 8.596975356e-02 9.382988513e-02 1.025225222e-01 1.121722311e-01 1.228909567e-01
 1.344919354e-01 1.448372006e-01 1.512064338e-01 1.532098651e-01 1.504869163e-01
 1.451739520e-01 1.397653818e-01 1.346304268e-01 1.299850643e-01 1.258599311e-01
 1.222112551e-01 1.189745069e-01 1.160856336e-01 1.134880111e-01 1.111339182e-01
 1.089840084e-01 1.070061922e-01 1.051743627e-01 1.034673303e-01 1.018678471e-01
 4.930114839e-03 1.120512187e-02 1.985913701e-02 2.562670596e-02 2.548044734e-02
 2.456620894e-02 2.368345670e-02 2.284787036e-02 2.207100764e-02 2.136130072e-02
 2.072769403e-02 2.017817833e-02 1.972050034e-02 1.936268993e-02 1.911326870e-02
 1.898127422e-02 1.897613890e-02 1.910752058e-02 1.938507520e-02 1.981827244e-02
 2.041628957e-02 2.118800208e-02 2.214203589e-02 2.328682691e-02 2.463071235e-02
 2.618202940e-02 2.794922516e-02 2.994096838e-02 3.216630220e-02 3.463482484e-02
 3.735693544e-02 4.034413770e-02 4.360942915e-02 4.716739804e-02 5.103420094e-02
 5.522654951e-02 5.976104736e-02 6.465365738e-02 6.991979480e-02 7.557282597e-02
 8.162004501e-02 8.805403858e-02 9.483586997e-02 1.018633470e-01 1.089161038e-01
 1.155862808e-01 1.212854460e-01 1.254197955e-01 1.276675314e-01 1.280714273e-01
 1.270438880e-01 1.251283437e-01 1.227441281e-01 1.201810017e-01 1.176107451e-01
 1.151259691e-01 1.127703413e-01 1.105592325e-01 1.084926575e-01 1.065629274e-01
 1.047589704e-01 1.030687764e-01 1.014805883e-01 9.998353571e-02 9.856786579e-02
 4.697425291e-03 1.071710419e-02 1.908772439e-02 2.457914874e-02 2.419837378e-02
 2.312331088e-02 2.213667333e-02 2.125384845e-02 2.047852241e-02 1.980743371e-02
 1.923881285e-02 1.877271943e-02 1.841152646e-02 1.815969683e-02 1.802325062e-02
 1.800917089e-02 1.812485978e-02 1.837772131e-02 1.877486333e-02 1.932298020e-02
 2.002833970e-02 2.089687064e-02 2.193429507e-02 2.314624935e-02 2.453839220e-02
 2.611649595e-02 2.788650058e-02 2.985456400e-02 3.202707693e-02 3.441069648e-02
 3.701232746e-02 3.983910382e-02 4.289825261e-02 4.619687051e-02 4.974138364e-02
 5.353691429e-02 5.758634210e-02 6.188903749e-02 6.643884629e-02 7.122117281e-02
 7.620844245e-02 8.135326952e-02 8.657934517e-02 9.177073091e-02 9.676381946e-02
 1.013510525e-01 1.053067297e-01 1.084381640e-01 1.106292456e-01 1.118763387e-01
 1.122742295e-01 1.119839847e-01 1.111910641e-01 1.100584939e-01 1.087165177e-01
 1.072609648e-01 1.057581976e-01 1.042518690e-01 1.027692929e-01 1.013264954e-01
 9.993200004e-02 9.858947992e-02 9.729958326e-02 9.606114030e-02 9.487197548e-02
 4.227901343e-03 9.730086662e-03 1.752129011e-02 2.252332494e-02 2.184415422e-02
 2.064683475e-02 1.964827813e-02 1.882241108e-02 1.814474165e-02 1.758843847e-02
 1.713941991e-02 1.679262333e-02 1.654915139e-02 1.641408354e-02 1.639466174e-02
 1.649888791e-02 1.673436724e-02 1.710760780e-02 1.762380265e-02 1.828687452e-02
 1.909984089e-02 2.006520703e-02 2.118532546e-02 2.246266976e-02 2.389999107e-02
 2.550035715e-02 2.726715431e-02 2.920399979e-02 3.131464869e-02 3.360284865e-02
 3.607217222e-02 3.872579709e-02 4.156620055e-02 4.459475353e-02 4.781118408e-02
 5.121283978e-02 5.479374155e-02 5.854330584e-02 6.244477630e-02 6.647312641e-02
 7.059254497e-02 7.475368679e-02 7.889114320e-02 8.292233199e-02 8.674936742e-02
 9.026546776e-02 9.336660057e-02 9.596581012e-02 9.800962359e-02 9.948500991e-02
 1.004206017e-01 1.008760780e-01 1.009271517e-01 1.006555110e-01 1.001379415e-01
 9.944094718e-02 9.861885011e-02 9.771414846e-02 9.675893933e-02 9.577681124e-02
 9.478469193e-02 9.379442781e-02 9.281408787e-02 9.184902906e-02 9.090262651e-02
 3.305368358e-03 7.663424592e-03 1.411550399e-02 1.821858622e-02 1.743157022e-02
 1.654704288e-02 1.593888737e-02 1.546361763e-02 1.507041231e-02 1.474341098e-02
 1.448001526e-02 1.428623963e-02 1.417362038e-02 1.415684912e-02 1.425156463e-02
 1.447188389e-02 1.482860651e-02 1.532834396e-02 1.597352512e-02 1.676368527e-02
 1.769674756e-02 1.877028868e-02 1.998236403e-02 2.133188583e-02 2.281869575e-02
 2.444346063e-02 2.620745637e-02 2.811232209e-02 3.015980683e-02 3.235149756e-02
 3.468854353e-02 3.717136383e-02 3.979928046e-02 4.257012159e-02 4.547972232e-02
 4.852132872e-02 5.168488622e-02 5.495622754e-02 5.831609666e-02 6.173918024e-02
 6.519313902e-02 6.863796711e-02 7.202585042e-02 7.530210167e-02 7.840739191e-02
 8.128169179e-02 8.386946470e-02 8.612570912e-02 8.802042156e-02 8.954196423e-02
 9.069684148e-02 9.150756150e-02 9.200872481e-02 9.224119037e-02 9.224785119e-02
 9.207005054e-02 9.174536914e-02 9.130644053e-02 9.078068286e-02 9.019053727e-02
 8.955396712e-02 8.888515830e-02 8.819512278e-02 8.749233931e-02 8.678326011e-02
 2.008479321e-03 4.381275736e-03 7.186182775e-03 9.489350021e-03 1.072453335e-02
 1.128059346e-02 1.152390614e-02 1.160441898e-02 1.159202494e-02 1.153098885e-02
 1.145340782e-02 1.138932724e-02 1.137075946e-02 1.143242605e-02 1.160868537e-02
 1.192844380e-02 1.240925118e-02 1.305493992e-02 1.385901403e-02 1.480937935e-02
 1.589357294e-02 1.710133255e-02 1.842546090e-02 1.986163110e-02 2.140775509e-02
 2.306330577e-02 2.482869849e-02 2.670479752e-02 2.869250625e-02 3.079240955e-02
 3.300446644e-02 3.532769904e-02 3.775988519e-02 4.029722884e-02 4.293398187e-02
 4.566205665e-02 4.847058281e-02 5.134547502e-02 5.426899344e-02 5.721939355e-02
 6.017074361e-02 6.309298426e-02 6.595240533e-02 6.871263683e-02 7.133622468e-02
 7.378671318e-02 7.603114098e-02 7.804241776e-02 7.980155945e-02 8.129884303e-02
 8.253420889e-02 8.351635933e-02 8.426104486e-02 8.478920907e-02 8.512476087e-02
 8.529265970e-02 8.531738818e-02 8.522187918e-02 8.502686769e-02 8.475061506e-02
 8.440884203e-02 8.401486278e-02 8.357980847e-02 8.311288059e-02 8.262162656e-02
 1.072682324e-03 2.278784057e-03 3.686394077e-03 5.064935889e-03 6.241719704e-03
 7.135911379e-03 7.726983633e-03 8.081614971e-03 8.275447413e-03 8.350484073e-03
 8.340882137e-03 8.284023963e-03 8.227735758e-03 8.237740956e-03 8.396353573e-03
 8.774634451e-03 9.403550997e-03 1.026603952e-02 1.131360140e-02 1.250076760e-02
 1.379565988e-02 1.517935283e-02 1.664255746e-02 1.818165369e-02 1.979617588e-02
 2.148725465e-02 2.325668000e-02 2.510629781e-02 2.703760006e-02 2.905143239e-02
 3.114774078e-02 3.332535923e-02 3.558179364e-02 3.791300580e-02 4.031320289e-02
 4.277460277e-02 4.528723285e-02 4.783874750e-02 5.041427538e-02 5.299639702e-02
 5.556521565e-02 5.809863657e-02 6.057284027e-02 6.296302378e-02 6.524439156e-02
 6.739328057e-02 6.938844174e-02 7.121226192e-02 7.285165787e-02 7.429880649e-02
 7.555124164e-02 7.661166787e-02 7.748734951e-02 7.818911225e-02 7.873038948e-02
 7.912616432e-02 7.939206809e-02 7.954362780e-02 7.959569991e-02 7.956211269e-02
 7.945544273e-02 7.928689569e-02 7.906635851e-02 7.880240679e-02 7.850245386e-02
 5.861259415e-04 1.253796509e-03 2.064647386e-03 2.919711173e-03 3.732538549e-03
 4.434899893e-03 4.961289465e-03 5.308430642e-03 5.496602040e-03 5.533654243e-03
 5.423894618e-03 5.173448939e-03 4.804465920e-03 4.386838060e-03 4.205306992e-03
 4.553700797e-03 5.510944407e-03 6.914553232e-03 8.449451998e-03 1.001784112e-02
 1.159901172e-02 1.319391746e-02 1.480926666e-02 1.645253971e-02 1.813098788e-02
 1.985109597e-02 2.161832899e-02 2.343702875e-02 2.531037852e-02 2.724035084e-02
 2.922765911e-02 3.127169237e-02 3.337044641e-02 3.552042693e-02 3.771657124e-02
 3.995217755e-02 4.221882299e-02 4.450635239e-02 4.680287093e-02 4.909482971e-02
 5.136720091e-02 5.360373482e-02 5.578736961e-02 5.790070072e-02 5.992661417e-02
 6.184894592e-02 6.365314871e-02 6.532695144e-02 6.686086208e-02 6.824851036e-02
 6.948681176e-02 7.057587057e-02 7.151871920e-02 7.232089341e-02 7.298994809e-02
 7.353489101e-02 7.396562397e-02 7.429251820e-02 7.452593744e-02 7.467600703e-02
 7.475230098e-02 7.476375252e-02 7.471853495e-02 7.462406158e-02 7.448694855e-02
 3.356884699e-04 7.241016137e-04 1.206385554e-03 1.731264405e-03 2.247312106e-03
 2.708858345e-03 3.072488355e-03 3.309792606e-03 3.398887580e-03 3.316344460e-03
 3.034491092e-03 2.510852646e-03 1.674506813e-03 3.766388691e-04-4.544569820e-04
-2.002899419e-04 1.253746450e-03 3.695320571e-03 5.852879025e-03 7.812675089e-03
 9.651315399e-03 1.141729485e-02 1.314416993e-02 1.485409494e-02 1.656415686e-02
 1.828685403e-02 2.003125101e-02 2.180403098e-02 2.360996976e-02 2.545218915e-02
 2.733226679e-02 2.925029770e-02 3.120495379e-02 3.319349885e-02 3.521181643e-02
 3.725442290e-02 3.931449354e-02 4.138391837e-02 4.345335811e-02 4.551239312e-02
 4.754966125e-02 4.955310747e-02 5.151026323e-02 5.340858549e-02 5.523583293e-02
 5.698048323e-02 5.863211676e-02 6.018178910e-02 6.162231416e-02 6.294848770e-02
 6.415717304e-02 6.524731964e-02 6.621982157e-02 6.707734615e-02 6.782408059e-02
 6.846540421e-02 6.900759786e-02 6.945753098e-02 6.982238591e-02 7.010941952e-02
 7.032576203e-02 7.047829032e-02 7.057352364e-02 7.061754167e-02 7.061596215e-02
 2.005664719e-04 4.350913223e-04 7.305624895e-04 1.057885820e-03 1.384234056e-03
 1.669246820e-03 1.889163861e-03 2.013661433e-03 2.012625104e-03 1.852829824e-03
 1.493367599e-03 8.798294584e-04-6.181981735e-05-1.451173914e-03-2.294111764e-03
-1.952367253e-03-3.678869107e-04 2.188403392e-03 4.428396467e-03 6.444901694e-03
 8.319897577e-03 1.010519825e-02 1.183527056e-02 1.353372540e-02 1.521731447e-02
 1.689852774e-02 1.858678088e-02 2.028919570e-02 2.201105841e-02 2.375589497e-02
 2.552561834e-02 2.732065693e-02 2.914006636e-02 3.098164499e-02 3.284201771e-02
 3.471670672e-02 3.660020232e-02 3.848604113e-02 4.036689177e-02 4.223468900e-02
 4.408075660e-02 4.589601234e-02 4.767113924e-02 4.939686134e-02 5.106414855e-02
 5.266449600e-02 5.419017002e-02 5.563440174e-02 5.699159950e-02 5.825744569e-02
 5.942898616e-02 6.050464138e-02 6.148416176e-02 6.236859038e-02 6.316012144e-02
 6.386195123e-02 6.447808444e-02 6.501309574e-02 6.547195464e-02 6.585981697e-02
 6.618193537e-02 6.644348055e-02 6.664952636e-02 6.680492312e-02 6.691426784e-02
 1.257777913e-04 2.740710624e-04 4.630065232e-04 6.754077040e-04 8.894677158e-04
 1.072711311e-03 1.209904556e-03 1.279898104e-03 1.259405282e-03 1.121776178e-03
 8.353156736e-04 3.592817229e-04-3.632998269e-04-1.438371954e-03-1.810455578e-03
-7.434784202e-04 7.820983883e-04 2.539518755e-03 4.293175414e-03 6.010455545e-03
 7.686233148e-03 9.328947403e-03 1.094833016e-02 1.255252678e-02 1.414794009e-02
 1.574021019e-02 1.733530313e-02 1.893923432e-02 2.055706643e-02 2.219216526e-02
 2.384595200e-02 2.551836707e-02 2.720821835e-02 2.891334891e-02 3.063071705e-02
 3.235647827e-02 3.408604488e-02 3.581414372e-02 3.753491491e-02 3.924199566e-02
 4.092863202e-02 4.258782789e-02 4.421247169e-02 4.579549655e-02 4.733006656e-02
 4.880971462e-02 5.022852868e-02 5.158125982e-02 5.286345631e-02 5.407152697e-02
 5.520274863e-02 5.625525489e-02 5.722804368e-02 5.812105909e-02 5.893526971e-02
 5.967263877e-02 6.033587828e-02 6.092816964e-02 6.145298481e-02 6.191397086e-02
 6.231490895e-02 6.265965104e-02 6.295202672e-02 6.319583207e-02 6.339475513e-02
 8.454718773e-05 1.852004207e-04 3.153206198e-04 4.649785114e-04 6.220247597e-04
 7.628303138e-04 8.698609890e-04 9.427740006e-04 9.677941562e-04 9.329951135e-04
 8.295930456e-04 6.544251810e-04 4.168543674e-04 1.446616225e-04 2.804218966e-04
 1.109076315e-03 2.229007194e-03 3.458491992e-03 4.746765364e-03 6.106626242e-03
 7.511342876e-03 8.946661837e-03 1.040755399e-02 1.188001968e-02 1.335396059e-02
 1.482210774e-02 1.628844999e-02 1.776120625e-02 1.925636455e-02 2.077210695e-02
 2.230631746e-02 2.385717258e-02 2.542256750e-02 2.699994855e-02 2.858627215e-02
 3.017799743e-02 3.177110851e-02 3.336115181e-02 3.494329005e-02 3.651236743e-02
 3.806299344e-02 3.958962485e-02 4.108668864e-02 4.254866764e-02 4.397023469e-02
 4.534634575e-02 4.667236656e-02 4.794414714e-02 4.915813729e-02 5.031143874e-02
 5.140194669e-02 5.242788792e-02 5.338649079e-02 5.427642539e-02 5.509733409e-02
 5.585127324e-02 5.654138327e-02 5.717038363e-02 5.774021149e-02 5.825322866e-02
 5.871205777e-02 5.911946669e-02 5.947832391e-02 5.979152024e-02 6.006193534e-02
 6.268778816e-05 1.382582850e-04 2.376527118e-04 3.546207154e-04 4.815642314e-04
 6.089709350e-04 7.293310482e-04 8.388262941e-04 9.347529267e-04 1.018017298e-03
 1.095781568e-03 1.185760018e-03 1.321969670e-03 1.553958864e-03 1.942206989e-03
 2.527761040e-03 3.295297036e-03 4.199738149e-03 5.213221535e-03 6.319485605e-03
 7.499043830e-03 8.736688644e-03 1.002078597e-02 1.134122349e-02 1.269194297e-02
 1.401458122e-02 1.535055228e-02 1.670675352e-02 1.808443293e-02 1.948308013e-02
 2.090060711e-02 2.233448252e-02 2.378200181e-02 2.524027042e-02 2.670617774e-02
 2.817634493e-02 2.964713424e-02 3.111465462e-02 3.257478774e-02 3.402323276e-02
 3.545555100e-02 3.686724603e-02 3.825381771e-02 3.961083665e-02 4.093404114e-02
 4.221938923e-02 4.346315935e-02 4.466199502e-02 4.581298307e-02 4.691367596e-02
 4.796204343e-02 4.895631969e-02 4.989514500e-02 5.077498406e-02 5.159093067e-02
 5.235100910e-02 5.305616558e-02 5.370784551e-02 5.430751666e-02 5.485676974e-02
 5.535740033e-02 5.581137538e-02 5.622078851e-02 5.658781901e-02 5.691469461e-02
 5.217607759e-05 1.161277760e-04 2.022425324e-04 3.072435502e-04 4.274978710e-04
 5.596252740e-04 6.998920580e-04 8.468455053e-04 1.002896344e-03 1.172502991e-03
 1.364197931e-03 1.591436681e-03 1.872460358e-03 2.227835124e-03 2.676215721e-03
 3.230736358e-03 3.893386340e-03 4.660117440e-03 5.522037391e-03 6.466848310e-03
 7.484154776e-03 8.565165102e-03 9.704310447e-03 1.088497229e-02 1.209882181e-02
 1.330009196e-02 1.451781858e-02 1.575370133e-02 1.701853052e-02 1.830697432e-02
 1.961504482e-02 2.093953453e-02 2.227742784e-02 2.362571470e-02 2.498131059e-02
 2.634101361e-02 2.770149149e-02 2.905927785e-02 3.041078895e-02 3.175234050e-02
 3.308019787e-02 3.439059854e-02 3.567981720e-02 3.694420308e-02 3.818024322e-02
 3.938461095e-02 4.055422917e-02 4.168630764e-02 4.277841747e-02 4.382857308e-02
 4.483544827e-02 4.579770565e-02 4.671114683e-02 4.757355154e-02 4.838091508e-02
 4.913815111e-02 4.984778166e-02 5.051171035e-02 5.113008991e-02 5.170376226e-02
 5.223388597e-02 5.272182450e-02 5.316910520e-02 5.357735232e-02 5.394827202e-02
 0.124726892E+01 0.125228012E+01 0.125257719E+01 0.125433302E+01 0.125732350E+01
 0.126100028E+01 0.126528621E+01 0.127022231E+01 0.127578533E+01 0.128202009E+01
 0.128895390E+01 0.129647231E+01 0.130470395E+01 0.131374276E+01 0.132348537E+01
 0.133397591E+01 0.134532857E+01 0.135749865E+01 0.137057245E+01 0.138458514E+01
 0.139951360E+01 0.141551709E+01 0.143254852E+01 0.145074630E+01 0.147012877E+01
 0.149076843E+01 0.151276588E+01 0.153616655E+01 0.156111956E+01 0.158767068E+01
 0.161598086E+01 0.164613783E+01 0.167831445E+01 0.171263468E+01 0.174930179E+01
 0.178849244E+01 0.183042812E+01 0.187533820E+01 0.192351687E+01 0.197527277E+01
 0.203095460E+01 0.209095526E+01 0.215575719E+01 0.222587013E+01 0.230195284E+01
 0.238467932E+01 0.247493386E+01 0.257368231E+01 0.268206143E+01 0.280154681E+01
 0.293381238E+01 0.308095551E+01 0.324552035E+01 0.343068194E+01 0.364054585E+01
 0.388038659E+01 0.415732861E+01 0.448025513E+01 0.486227512E+01 0.532213402E+01
 0.588934231E+01 0.661333084E+01 0.758469486E+01 0.902987671E+01 0.171191807E+02
  153   37
 0.230544448E+00 0.000000000E+00 0.230916157E+00 0.625000000E-01 0.232513577E+00
 0.125000000E+00 0.235396698E+00 0.187500000E+00 0.239672869E+00 0.250000000E+00
 0.241874993E+00 0.274340868E+00 0.245041966E+00 0.312500000E+00 0.251688063E+00
 0.375000000E+00 0.260174751E+00 0.437500000E+00 0.270862043E+00 0.500000000E+00
 0.272187501E+00 0.506786406E+00 0.282870144E+00 0.562500000E+00 0.297606826E+00
 0.625000000E+00 0.302500010E+00 0.643388808E+00 0.314559519E+00 0.687500000E+00
 0.332812488E+00 0.744572103E+00 0.334656119E+00 0.750000000E+00 0.357376158E+00
 0.812500000E+00 0.363124996E+00 0.827624977E+00 0.383322865E+00 0.875000000E+00
 0.393437505E+00 0.898970783E+00 0.412545860E+00 0.937500000E+00 0.423750013E+00
 0.962383866E+00 0.444937497E+00 0.100000000E+01 0.454062492E+00 0.102022457E+01
 0.480313450E+00 0.106250000E+01 0.484375000E+00 0.107280195E+01 0.514687479E+00
 0.112075067E+01 0.519823492E+00 0.112500000E+01 0.538543522E+00 0.115945327E+01
 0.557263553E+00 0.119390655E+01 0.596600533E+00 0.116924500E+01 0.635937512E+00
 0.114458358E+01 0.656651795E+00 0.112500000E+01 0.666249990E+00 0.112081134E+01
 0.696562529E+00 0.110222292E+01 0.726875007E+00 0.107929587E+01 0.744978130E+00
 0.106250000E+01 0.757187486E+00 0.105510569E+01 0.787500024E+00 0.103258228E+01
 0.817812502E+00 0.100594997E+01 0.823502004E+00 0.100000000E+01 0.848124981E+00
 0.981069803E+00 0.878437519E+00 0.953863740E+00 0.894110858E+00 0.937500000E+00
 0.908749998E+00 0.925502360E+00 0.939062476E+00 0.896924675E+00 0.959401071E+00
 0.875000000E+00 0.969375014E+00 0.866117895E+00 0.999687493E+00 0.835639358E+00
 0.102014804E+01 0.812500000E+00 0.102999997E+01 0.802857518E+00 0.106031251E+01
 0.769897878E+00 0.107682574E+01 0.750000000E+00 0.109062505E+01 0.734949112E+00
 0.112093747E+01 0.698484838E+00 0.112928927E+01 0.687500000E+00 0.115125000E+01
 0.660259128E+00 0.117692959E+01 0.625000000E+00 0.118156254E+01 0.618833721E+00
 0.121187496E+01 0.574809432E+00 0.121960115E+01 0.562500000E+00 0.124218750E+01
 0.527031004E+00 0.125790513E+01 0.500000000E+00 0.127250004E+01 0.475171834E+00
 0.129309523E+01 0.437500000E+00 0.130281246E+01 0.419858038E+00 0.132642448E+01
 0.375000000E+00 0.133312500E+01 0.362108588E+00 0.135851395E+01 0.312500000E+00
 0.136343753E+01 0.302259773E+00 0.138879061E+01 0.250000000E+00 0.139374995E+01
 0.238156930E+00 0.141548645E+01 0.187500000E+00 0.142406249E+01 0.161107630E+00
 0.143622017E+01 0.125000000E+00 0.144885731E+01 0.625000000E-01 0.145247471E+01
 0.000000000E+00 0.144698644E+01-0.625000000E-01 0.143250442E+01-0.125000000E+00
 0.142406249E+01-0.148312747E+00 0.141036820E+01-0.187500000E+00 0.139374995E+01
-0.224558070E+00 0.138261425E+01-0.250000000E+00 0.136343753E+01-0.288546711E+00
 0.135160661E+01-0.312500000E+00 0.133312500E+01-0.348177969E+00 0.131895733E+01
-0.375000000E+00 0.130281246E+01-0.405522525E+00 0.128501141E+01-0.437500000E+00
 0.127250004E+01-0.460324883E+00 0.124897265E+01-0.500000000E+00 0.124218750E+01
-0.511641026E+00 0.121187496E+01-0.559044063E+00 0.120946908E+01-0.562500000E+00
 0.118156254E+01-0.603370547E+00 0.116517091E+01-0.625000000E+00 0.115125000E+01
-0.644052923E+00 0.112093747E+01-0.681601524E+00 0.111571920E+01-0.687500000E+00
 0.109062505E+01-0.717951536E+00 0.106120229E+01-0.750000000E+00 0.106031251E+01
-0.751081288E+00 0.102999997E+01-0.784643412E+00 0.100177228E+01-0.812500000E+00
 0.999687493E+00-0.814904332E+00 0.969375014E+00-0.846203983E+00 0.939062476E+00
-0.873786211E+00 0.937542081E+00-0.875000000E+00 0.908749998E+00-0.903241336E+00
 0.878437519E+00-0.929062366E+00 0.866913617E+00-0.937500000E+00 0.848124981E+00
-0.955371916E+00 0.817812502E+00-0.979925394E+00 0.788636565E+00-0.100000000E+01
 0.787500024E+00-0.100109625E+01 0.757187486E+00-0.102506065E+01 0.726875007E+00
-0.104487681E+01 0.696562529E+00-0.106082630E+01 0.692121387E+00-0.106250000E+01
 0.666249990E+00-0.107890201E+01 0.635937512E+00-0.109232259E+01 0.596125543E+00
-0.113551712E+01 0.556313634E+00-0.117871177E+01 0.541227162E+00-0.112060595E+01
 0.526140749E+00-0.106250000E+01 0.514687479E+00-0.105431259E+01 0.484375000E+00
-0.101939523E+01 0.472882479E+00-0.100000000E+01 0.454062492E+00-0.975042164E+00
 0.432908207E+00-0.937500000E+00 0.423750013E+00-0.923026383E+00 0.399083346E+00
-0.875000000E+00 0.393437505E+00-0.864342511E+00 0.369825333E+00-0.812500000E+00
 0.363124996E+00-0.797251523E+00 0.344457209E+00-0.750000000E+00 0.332812488E+00
-0.717620075E+00 0.322698385E+00-0.687500000E+00 0.304341584E+00-0.625000000E+00
 0.302500010E+00-0.617971659E+00 0.288238108E+00-0.562500000E+00 0.275199801E+00
-0.500000000E+00 0.272187501E+00-0.483032793E+00 0.263891846E+00-0.437500000E+00
 0.254634440E+00-0.375000000E+00 0.247350469E+00-0.312500000E+00 0.241874993E+00
-0.251897246E+00 0.241689011E+00-0.250000000E+00 0.236853153E+00-0.187500000E+00
 0.233459234E+00-0.125000000E+00 0.231382325E+00-0.625000000E-01 0.230544448E+00
 0.000000000E+00
 0.189999998E+01 0.405000001E+00 0.155510426E+01 0.405000001E+00 0.155510426E+01
 0.822500229E+00 0.140793061E+01 0.822500229E+00 0.140793061E+01 0.103300035E+01
 0.103993106E+01 0.103300035E+01 0.103993106E+01 0.119500005E+01 0.189999998E+01
 0.119500005E+01 0.189999998E+01 0.182500005E+01 0.564930677E+00 0.182500005E+01
 0.564930677E+00 0.172808158E+01 0.783500016E+00 0.172808158E+01 0.783500016E+00
 0.171558166E+01 0.582590282E+00 0.154700005E+01 0.416500002E+00 0.154700005E+01
 0.280000001E+00 0.168350005E+01 0.280000001E+00 0.122908854E+01 0.195244402E+00
 0.108350003E+01 0.195244402E+00-0.108350003E+01 0.280000001E+00-0.122908854E+01
 0.280000001E+00-0.168350005E+01 0.416500002E+00-0.154700005E+01 0.582590282E+00
-0.154700005E+01 0.783500016E+00-0.171558166E+01 0.783500016E+00-0.172808158E+01
 0.564930677E+00-0.172808158E+01 0.564930677E+00-0.182500005E+01 0.189999998E+01
-0.182500005E+01 0.189999998E+01-0.119500005E+01 0.103993106E+01-0.119500005E+01
 0.103993106E+01-0.103300035E+01 0.140793061E+01-0.103300035E+01 0.140793061E+01
-0.822500229E+00 0.155510426E+01-0.822500229E+00 0.155510426E+01-0.405000001E+00
 0.189999998E+01-0.405000001E+00 0.189999998E+01 0.405000001E+00
    0
