EFIT++  MAST     # 29976 # 219ms                   0  65  65
 0.194000006E+01 0.400000000E+01 0.841084719E+00 0.599999987E-01 0.000000000E+00
 0.941687405E+00 0.903049018E-02-0.634247810E-01 0.226027220E-01-0.483060658E+00
 0.815062188E+06-0.634247810E-01 0.000000000E+00 0.941687405E+00 0.000000000E+00
 0.903049018E-02 0.000000000E+00 0.226027220E-01 0.000000000E+00 0.000000000E+00
-0.483990431E+00-0.481228769E+00-0.478520721E+00-0.475866437E+00-0.473265916E+00
-0.470719278E+00-0.468226522E+00-0.465787679E+00-0.463402748E+00-0.461071700E+00
-0.458794534E+00-0.456571162E+00-0.454401523E+00-0.452285498E+00-0.450222999E+00
-0.448213875E+00-0.446257979E+00-0.444355071E+00-0.442505002E+00-0.440707535E+00
-0.438962400E+00-0.437269330E+00-0.435628027E+00-0.434038192E+00-0.432499468E+00
-0.431011468E+00-0.429573834E+00-0.428186148E+00-0.426847965E+00-0.425558805E+00
-0.424318254E+00-0.423125744E+00-0.421980768E+00-0.420882761E+00-0.419831216E+00
-0.418825477E+00-0.417864978E+00-0.416949064E+00-0.416077048E+00-0.415248334E+00
-0.414462179E+00-0.413717896E+00-0.413014770E+00-0.412351996E+00-0.411728889E+00
-0.411144614E+00-0.410598427E+00-0.410089463E+00-0.409616947E+00-0.409180045E+00
-0.408777863E+00-0.408409566E+00-0.408074290E+00-0.407771140E+00-0.407499224E+00
-0.407257617E+00-0.407045454E+00-0.406861782E+00-0.406705648E+00-0.406576157E+00
-0.406472355E+00-0.406393290E+00-0.406338006E+00-0.406305552E+00-0.406294942E+00
 0.179252559E+05 0.179184473E+05 0.178858125E+05 0.178281816E+05 0.177463828E+05
 0.176412461E+05 0.175136035E+05 0.173642832E+05 0.171941172E+05 0.170039316E+05
 0.167945605E+05 0.165668320E+05 0.163215742E+05 0.160596191E+05 0.157817969E+05
 0.154889365E+05 0.151818682E+05 0.148614209E+05 0.145284268E+05 0.141837129E+05
 0.138281113E+05 0.134624512E+05 0.130875625E+05 0.127042754E+05 0.123134189E+05
 0.119158242E+05 0.115123193E+05 0.111037363E+05 0.106909043E+05 0.102746523E+05
 0.985581055E+04 0.943520996E+04 0.901367969E+04 0.859204980E+04 0.817114941E+04
 0.775180957E+04 0.733485986E+04 0.692112988E+04 0.651144971E+04 0.610664941E+04
 0.570755859E+04 0.531500732E+04 0.492982520E+04 0.455284277E+04 0.418488916E+04
 0.382679492E+04 0.347938965E+04 0.314350317E+04 0.281996558E+04 0.250960669E+04
 0.221325635E+04 0.193174451E+04 0.166590112E+04 0.141655603E+04 0.118453918E+04
 0.970680359E+03 0.775809631E+03 0.600756775E+03 0.446351715E+03 0.313424377E+03
 0.202804672E+03 0.115322479E+03 0.518077049E+02 0.130902424E+02 0.000000000E+00
-0.100402331E+01-0.979108572E+00-0.954486728E+00-0.930157840E+00-0.906121850E+00
-0.882378757E+00-0.858928621E+00-0.835771382E+00-0.812907040E+00-0.790335596E+00
-0.768057108E+00-0.746071577E+00-0.724378884E+00-0.702979147E+00-0.681872308E+00
-0.661058426E+00-0.640537441E+00-0.620309353E+00-0.600374162E+00-0.580731928E+00
-0.561382592E+00-0.542326212E+00-0.523562729E+00-0.505092144E+00-0.486914486E+00
-0.469029754E+00-0.451437920E+00-0.434139013E+00-0.417133033E+00-0.400419950E+00
-0.383999795E+00-0.367872566E+00-0.352038234E+00-0.336496830E+00-0.321248353E+00
-0.306292772E+00-0.291630119E+00-0.277260363E+00-0.263183564E+00-0.249399647E+00
-0.235908657E+00-0.222710595E+00-0.209805429E+00-0.197193190E+00-0.184873879E+00
-0.172847480E+00-0.161113992E+00-0.149673417E+00-0.138525769E+00-0.127671018E+00
-0.117109209E+00-0.106840305E+00-0.968643203E-01-0.871812478E-01-0.777910948E-01
-0.686938614E-01-0.598895438E-01-0.513781421E-01-0.431596562E-01-0.352340862E-01
-0.276014358E-01-0.202617012E-01-0.132148843E-01-0.646098377E-02 0.000000000E+00
 0.474744336E+04-0.147749365E+05-0.336799141E+05-0.519674883E+05-0.696376562E+05
-0.866904219E+05-0.103125789E+06-0.118943750E+06-0.134144312E+06-0.148727453E+06
-0.162693219E+06-0.176041562E+06-0.188772500E+06-0.200886047E+06-0.212382188E+06
-0.223260922E+06-0.233522250E+06-0.243166172E+06-0.252192703E+06-0.260601828E+06
-0.268393531E+06-0.275567875E+06-0.282124781E+06-0.288064281E+06-0.293386375E+06
-0.298091094E+06-0.302178375E+06-0.305648281E+06-0.308500781E+06-0.310735875E+06
-0.312353562E+06-0.313353844E+06-0.313736719E+06-0.313502188E+06-0.312650281E+06
-0.311180938E+06-0.309094219E+06-0.306390062E+06-0.303068531E+06-0.299129594E+06
-0.294573250E+06-0.289399500E+06-0.283608344E+06-0.277199781E+06-0.270173844E+06
-0.262530469E+06-0.254269703E+06-0.245391547E+06-0.235895969E+06-0.225783000E+06
-0.215052625E+06-0.203704844E+06-0.191739656E+06-0.179157062E+06-0.165957078E+06
-0.152139688E+06-0.137704891E+06-0.122652688E+06-0.106983086E+06-0.906960781E+05
-0.737916719E+05-0.562698555E+05-0.381306406E+05-0.193740215E+05 0.000000000E+00
 4.885974340e-05 1.085574331e-04 1.886744431e-04 2.860607055e-04 3.973337298e-04
 5.197881837e-04 6.535802386e-04 7.972879102e-04 9.503823239e-04 1.117403968e-03
 1.307269209e-03 1.533865347e-03 1.815830939e-03 2.175357658e-03 2.629611408e-03
 3.188811941e-03 3.860446857e-03 4.634805489e-03 5.498081446e-03 6.439507473e-03
 7.445515133e-03 8.501195349e-03 9.587413631e-03 1.072229818e-02 1.190690044e-02
 1.323402580e-02 1.462072972e-02 1.605096459e-02 1.748278737e-02 1.892130636e-02
 2.036792599e-02 2.182172611e-02 2.328099497e-02 2.474356629e-02 2.620691620e-02
 2.766820788e-02 2.912432328e-02 3.057189099e-02 3.200732172e-02 3.342684731e-02
 3.482655063e-02 3.620239720e-02 3.755029291e-02 3.886609897e-02 4.014566168e-02
 4.138480499e-02 4.257933050e-02 4.372490197e-02 4.481682926e-02 4.584926367e-02
 4.681170359e-02 4.770056158e-02 4.856688529e-02 4.943887889e-02 5.038429052e-02
 5.131075159e-02 5.218207091e-02 5.297747254e-02 5.370986834e-02 5.438480526e-02
 5.500596017e-02 5.557636917e-02 5.609876662e-02 5.657572299e-02 5.700968206e-02
 5.880233221e-05 1.290129585e-04 2.202580072e-04 3.262272512e-04 4.404498904e-04
 5.583196762e-04 6.732900511e-04 7.775180275e-04 8.669397212e-04 9.425843018e-04
 1.013277448e-03 1.099930611e-03 1.240421087e-03 1.483682427e-03 1.883904217e-03
 2.480106195e-03 3.255540971e-03 4.165392835e-03 5.183989648e-03 6.292757113e-03
 7.467941381e-03 8.689900860e-03 9.946490638e-03 1.123369765e-02 1.254629157e-02
 1.402434241e-02 1.554829814e-02 1.709295809e-02 1.864974014e-02 2.021357976e-02
 2.178329602e-02 2.335826866e-02 2.493739501e-02 2.651895210e-02 2.810062654e-02
 2.967957966e-02 3.125250340e-02 3.281568363e-02 3.436505049e-02 3.589624166e-02
 3.740465268e-02 3.888551518e-02 4.033393040e-02 4.174493998e-02 4.311355576e-02
 4.443477839e-02 4.570358992e-02 4.691490531e-02 4.806354269e-02 4.914448038e-02
 5.015465245e-02 5.109722540e-02 5.197760835e-02 5.285593122e-02 5.383044854e-02
 5.474551022e-02 5.559803173e-02 5.638210103e-02 5.709835142e-02 5.775057152e-02
 5.834285915e-02 5.887904391e-02 5.936264992e-02 5.979694799e-02 6.018502638e-02
 8.155363321e-05 1.770815143e-04 2.974125382e-04 4.295909021e-04 5.594702088e-04
 6.872722879e-04 8.039904060e-04 8.748967666e-04 8.880122914e-04 8.330838755e-04
 7.035565213e-04 5.012298352e-04 2.480870462e-04-2.348555427e-06 1.687226468e-04
 9.949826635e-04 2.140654717e-03 3.406179603e-03 4.719811492e-03 6.108283997e-03
 7.537644822e-03 8.984719403e-03 1.043212879e-02 1.190339681e-02 1.342096459e-02
 1.500666514e-02 1.665043086e-02 1.833276637e-02 2.001303807e-02 2.169573866e-02
 2.338432334e-02 2.507943660e-02 2.678035200e-02 2.848539688e-02 3.019212000e-02
 3.189736977e-02 3.359736875e-02 3.528778628e-02 3.696380556e-02 3.862020373e-02
 4.025143012e-02 4.185170680e-02 4.341511801e-02 4.493570700e-02 4.640757665e-02
 4.782494903e-02 4.918222129e-02 5.047395825e-02 5.169470608e-02 5.283837393e-02
 5.389572680e-02 5.486817658e-02 5.580426008e-02 5.672482774e-02 5.764600262e-02
 5.854601413e-02 5.938176438e-02 6.013184041e-02 6.080701202e-02 6.141353399e-02
 6.195612997e-02 6.243899837e-02 6.286606193e-02 6.324106455e-02 6.356758624e-02
 1.276875555e-04 2.761747746e-04 4.614250502e-04 6.627389812e-04 8.597326232e-04
 1.044130069e-03 1.180881518e-03 1.241023070e-03 1.196373603e-03 1.017381437e-03
 6.694859476e-04 1.083951429e-04-7.287350018e-04-1.959362999e-03-2.316758735e-03
-1.072264626e-03 5.844759289e-04 2.429128159e-03 4.261411726e-03 6.063214503e-03
 7.821808569e-03 9.543473832e-03 1.124063879e-02 1.292895060e-02 1.462349202e-02
 1.633495465e-02 1.806822605e-02 1.982237957e-02 2.159378864e-02 2.338014543e-02
 2.518031001e-02 2.699328586e-02 2.881760709e-02 3.065106645e-02 3.249065951e-02
 3.433258459e-02 3.617225587e-02 3.800438344e-02 3.982304409e-02 4.162176326e-02
 4.339364171e-02 4.513148218e-02 4.682793841e-02 4.847569019e-02 5.006758869e-02
 5.159686878e-02 5.305731297e-02 5.444349721e-02 5.575105920e-02 5.697727203e-02
 5.812211707e-02 5.918980017e-02 6.018836796e-02 6.112488732e-02 6.200222299e-02
 6.281821430e-02 6.356710941e-02 6.424470246e-02 6.485065073e-02 6.538718194e-02
 6.585773081e-02 6.626624614e-02 6.661684811e-02 6.691367924e-02 6.716077030e-02
 2.143168967e-04 4.623690620e-04 7.702955045e-04 1.104283147e-03 1.430622302e-03
 1.726884861e-03 1.947234152e-03 2.058426384e-03 2.025484107e-03 1.808847883e-03
 1.359871472e-03 6.148028770e-04-5.116577959e-04-2.148475731e-03-3.088095458e-03
-2.670834772e-03-8.525082958e-04 1.971182413e-03 4.400777631e-03 6.582247093e-03
 8.604928851e-03 1.052584592e-02 1.238438487e-02 1.420905348e-02 1.602082886e-02
 1.783436723e-02 1.965938136e-02 2.150202170e-02 2.336573787e-02 2.525199950e-02
 2.716105804e-02 2.909217030e-02 3.104363196e-02 3.301275522e-02 3.499583900e-02
 3.698818013e-02 3.898407891e-02 4.097691178e-02 4.295919091e-02 4.492269456e-02
 4.685859010e-02 4.875763133e-02 5.061036348e-02 5.240738019e-02 5.413957313e-02
 5.579844862e-02 5.737641081e-02 5.886708945e-02 6.026563048e-02 6.156903133e-02
 6.277634203e-02 6.388857961e-02 6.490811706e-02 6.583805382e-02 6.668128073e-02
 6.744004041e-02 6.811638921e-02 6.871257722e-02 6.923149526e-02 6.967689097e-02
 7.005312294e-02 7.036495209e-02 7.061725855e-02 7.081490755e-02 7.096261531e-02
 3.738541564e-04 8.017851505e-04 1.325491583e-03 1.884020632e-03 2.421831712e-03
 2.898053965e-03 3.270508954e-03 3.506647656e-03 3.574422095e-03 3.442493500e-03
 3.070982639e-03 2.405074658e-03 1.357349218e-03-2.451975306e-04-1.240709797e-03
-9.714327753e-04 7.363424520e-04 3.541112645e-03 5.960230250e-03 8.136754856e-03
 1.016298123e-02 1.209858153e-02 1.398159377e-02 1.584160328e-02 1.769729704e-02
 1.956249401e-02 2.144778147e-02 2.336057648e-02 2.530565485e-02 2.728572302e-02
 2.930176817e-02 3.135328367e-02 3.343838826e-02 3.555389866e-02 3.769530728e-02
 3.985681012e-02 4.203130677e-02 4.421043023e-02 4.638462141e-02 4.854325578e-02
 5.067478865e-02 5.276701599e-02 5.480734259e-02 5.678315833e-02 5.868223310e-02
 6.049314141e-02 6.220569834e-02 6.381134689e-02 6.530352682e-02 6.667785347e-02
 6.793224066e-02 6.906675547e-02 7.008340955e-02 7.098565251e-02 7.177800685e-02
 7.246572524e-02 7.305452228e-02 7.355046272e-02 7.395993918e-02 7.428950816e-02
 7.454576343e-02 7.473526150e-02 7.486432046e-02 7.493896782e-02 7.496485859e-02
 6.775161019e-04 1.440209569e-03 2.346067224e-03 3.266963875e-03 4.092589021e-03
 4.777205642e-03 5.340629723e-03 5.751693156e-03 5.965870339e-03 5.981796421e-03
 5.807540845e-03 5.451549310e-03 4.927347880e-03 4.298217595e-03 3.976922017e-03
 4.335882142e-03 5.472490098e-03 7.154802792e-03 8.919948712e-03 1.069277991e-02
 1.246074494e-02 1.422886457e-02 1.600601152e-02 1.780293509e-02 1.962941326e-02
 2.149370499e-02 2.340245247e-02 2.536069788e-02 2.737193182e-02 2.943814546e-02
 3.155987337e-02 3.373622149e-02 3.596483544e-02 3.824187815e-02 4.056193680e-02
 4.291796684e-02 4.530123249e-02 4.770127311e-02 5.010590702e-02 5.250133574e-02
 5.487230048e-02 5.720236152e-02 5.947431177e-02 6.167066097e-02 6.377427280e-02
 6.576903909e-02 6.764057279e-02 6.937683374e-02 7.096868008e-02 7.241017371e-02
 7.369872928e-02 7.483495772e-02 7.582237571e-02 7.666691393e-02 7.737637311e-02
 7.795980573e-02 7.842707634e-02 7.878837734e-02 7.905387878e-02 7.923348248e-02
 7.933664322e-02 7.937218994e-02 7.934828848e-02 7.927237451e-02 7.915116102e-02
 1.280512544e-03 2.714596223e-03 4.368450958e-03 5.922469776e-03 7.138262969e-03
 7.987410761e-03 8.603748865e-03 9.021172300e-03 9.235455655e-03 9.293303825e-03
 9.239273146e-03 9.118543006e-03 8.989984170e-03 8.937325329e-03 9.063670412e-03
 9.460194968e-03 1.016351208e-02 1.114296075e-02 1.233297400e-02 1.367125008e-02
 1.511735748e-02 1.665019616e-02 1.825981401e-02 1.994268969e-02 2.169874497e-02
 2.352954447e-02 2.543723024e-02 2.742387541e-02 2.949106134e-02 3.163959086e-02
 3.386927024e-02 3.617870808e-02 3.856513277e-02 4.102418572e-02 4.354973510e-02
 4.613364488e-02 4.876558110e-02 5.143282935e-02 5.412016809e-02 5.680984259e-02
 5.948165432e-02 6.211324036e-02 6.468057632e-02 6.715872139e-02 6.952277571e-02
 7.174907625e-02 7.381641120e-02 7.570718229e-02 7.740843296e-02 7.891244441e-02
 8.021694422e-02 8.132483810e-02 8.224352449e-02 8.298404515e-02 8.356001973e-02
 8.398661762e-02 8.427964896e-02 8.445478976e-02 8.452707529e-02 8.451048285e-02
 8.441776037e-02 8.426029980e-02 8.404816687e-02 8.379013091e-02 8.349378407e-02
 2.424345352e-03 5.342439283e-03 8.856005967e-03 1.160746999e-02 1.279534493e-02
 1.317452639e-02 1.328221615e-02 1.326780766e-02 1.318494324e-02 1.306375954e-02
 1.293147355e-02 1.281820051e-02 1.275944803e-02 1.279556938e-02 1.296738256e-02
 1.330828015e-02 1.383723319e-02 1.455640141e-02 1.545436960e-02 1.651340537e-02
 1.771594770e-02 1.904812083e-02 2.050038427e-02 2.206695452e-02 2.374485321e-02
 2.553300373e-02 2.743146941e-02 2.944085747e-02 3.156184405e-02 3.379478678e-02
 3.613940626e-02 3.859445080e-02 4.115739465e-02 4.382409155e-02 4.658843204e-02
 4.944191128e-02 5.237323791e-02 5.536786467e-02 5.840758607e-02 6.147019938e-02
 6.452933699e-02 6.755455583e-02 7.051184773e-02 7.336462289e-02 7.607527822e-02
 7.860730588e-02 8.092766255e-02 8.300931007e-02 8.483316004e-02 8.638936281e-02
 8.767755330e-02 8.870617300e-02 8.949104697e-02 9.005314857e-02 9.041655809e-02
 9.060654044e-02 9.064798057e-02 9.056428075e-02 9.037666768e-02 9.010390937e-02
 8.976219594e-02 8.936529607e-02 8.892473578e-02 8.845008165e-02 8.794920146e-02
 3.866359824e-03 8.971797302e-03 1.646745577e-02 2.121688798e-02 2.029152773e-02
 1.916281693e-02 1.836393028e-02 1.774431020e-02 1.724150777e-02 1.682983339e-02
 1.650163345e-02 1.626026258e-02 1.611649804e-02 1.608561538e-02 1.618430391e-02
 1.642763801e-02 1.682648621e-02 1.738627814e-02 1.810747199e-02 1.898702793e-02
 2.002024837e-02 2.120232210e-02 2.252930962e-02 2.399855852e-02 2.560872771e-02
 2.735959738e-02 2.925177664e-02 3.128640354e-02 3.346482292e-02 3.578827903e-02
 3.825759888e-02 4.087288678e-02 4.363312200e-02 4.653577134e-02 4.957624897e-02
 5.274734274e-02 5.603846908e-02 5.943485349e-02 6.291660666e-02 6.645771861e-02
 7.002518326e-02 7.357838005e-02 7.706904411e-02 8.044221997e-02 8.363859355e-02
 8.659827709e-02 8.926589787e-02 9.159600735e-02 9.355827421e-02 9.514032304e-02
 9.634833783e-02 9.720449150e-02 9.774231911e-02 9.800259024e-02 9.802842140e-02
 9.786173701e-02 9.754090011e-02 9.709948301e-02 9.656585008e-02 9.596336633e-02
 9.531084448e-02 9.462319314e-02 9.391206503e-02 9.318645298e-02 9.245323390e-02
 4.814577755e-03 1.106284931e-02 1.988114975e-02 2.557302453e-02 2.489772812e-02
 2.362681925e-02 2.249698900e-02 2.153454162e-02 2.075520903e-02 2.012170106e-02
 1.961629093e-02 1.923185773e-02 1.896828227e-02 1.882996224e-02 1.882373728e-02
 1.895715110e-02 1.923715137e-02 1.966928877e-02 2.025742456e-02 2.100393176e-02
 2.191017196e-02 2.297703736e-02 2.420542203e-02 2.559654415e-02 2.715211548e-02
 2.887437865e-02 3.076607361e-02 3.283032030e-02 3.507047519e-02 3.748996928e-02
 4.009208456e-02 4.287971929e-02 4.585503042e-02 4.901904985e-02 5.237107351e-02
 5.590793863e-02 5.962304771e-02 6.350509822e-02 6.753639877e-02 7.169084996e-02
 7.593144476e-02 8.020763844e-02 8.445310593e-02 8.858480304e-02 9.250498563e-02
 9.610760212e-02 9.928958863e-02 1.019660234e-01 1.040829495e-01 1.056262329e-01
 1.066203490e-01 1.071212813e-01 1.072052792e-01 1.069534570e-01 1.064431146e-01
 1.057420596e-01 1.049063280e-01 1.039802060e-01 1.029975042e-01 1.019833460e-01
 1.009559110e-01 9.992808849e-02 9.890876710e-02 9.790392220e-02 9.691739827e-02
 5.293509457e-03 1.206764299e-02 2.147131227e-02 2.767674066e-02 2.734560892e-02
 2.622480504e-02 2.517812885e-02 2.422902174e-02 2.339433879e-02 2.267712355e-02
 2.207719721e-02 2.159494907e-02 2.123264037e-02 2.099441178e-02 2.088581026e-02
 2.091319114e-02 2.108314261e-02 2.140205912e-02 2.187590301e-02 2.251013741e-02
 2.330979146e-02 2.427961677e-02 2.542426437e-02 2.674844861e-02 2.825707570e-02
 2.995532937e-02 3.184871748e-02 3.394309431e-02 3.624464944e-02 3.875990212e-02
 4.149563983e-02 4.445885494e-02 4.765657336e-02 5.109557882e-02 5.478197709e-02
 5.872048810e-02 6.291344017e-02 6.735935062e-02 7.205095887e-02 7.697202265e-02
 8.209268004e-02 8.736281097e-02 9.270334989e-02 9.799688309e-02 1.030812711e-01
 1.077538282e-01 1.117953658e-01 1.150120646e-01 1.172875240e-01 1.186102778e-01
 1.190735549e-01 1.188366339e-01 1.180738062e-01 1.169488877e-01 1.155949757e-01
 1.141116321e-01 1.125690788e-01 1.110144705e-01 1.094779521e-01 1.079777777e-01
 1.065241322e-01 1.051218733e-01 1.037724838e-01 1.024753675e-01 1.012287214e-01
 5.534149241e-03 1.257404126e-02 2.228259481e-02 2.878507972e-02 2.870505862e-02
 2.777088992e-02 2.686357126e-02 2.600453235e-02 2.520866133e-02 2.448836528e-02
 2.385469340e-02 2.331684716e-02 2.288314141e-02 2.256169170e-02 2.236071788e-02
 2.228862792e-02 2.235394344e-02 2.256520651e-02 2.293085121e-02 2.345915884e-02
 2.415822074e-02 2.503597923e-02 2.610028349e-02 2.735896781e-02 2.881994285e-02
 3.049129620e-02 3.238137811e-02 3.449890763e-02 3.685310110e-02 3.945378587e-02
 4.231160879e-02 4.543826729e-02 4.884674400e-02 5.255153403e-02 5.656823516e-02
 6.091314554e-02 6.560274214e-02 7.065320015e-02 7.607933879e-02 8.189275861e-02
 8.809720725e-02 9.467917681e-02 1.015905291e-01 1.087175161e-01 1.158315167e-01
 1.225346550e-01 1.282674223e-01 1.324835867e-01 1.348636001e-01 1.354357898e-01
 1.345466971e-01 1.326957643e-01 1.303315610e-01 1.277485043e-01 1.251281500e-01
 1.225734279e-01 1.201361343e-01 1.178373545e-01 1.156809106e-01 1.136615425e-01
 1.117697135e-01 1.099942699e-01 1.083239168e-01 1.067479923e-01 1.052567661e-01
 5.660778843e-03 1.284305751e-02 2.272074856e-02 2.938962169e-02 2.942201123e-02
 2.862652950e-02 2.788840234e-02 2.712325379e-02 2.637570351e-02 2.566816844e-02
 2.501763962e-02 2.443841659e-02 2.394326031e-02 2.354410663e-02 2.325250581e-02
 2.307988144e-02 2.303764783e-02 2.313723415e-02 2.339005098e-02 2.380740084e-02
 2.440041862e-02 2.518006600e-02 2.615714073e-02 2.734232508e-02 2.874624915e-02
 3.037960641e-02 3.225328028e-02 3.437848762e-02 3.676699474e-02 3.943133354e-02
 4.238514602e-02 4.564366862e-02 4.922478274e-02 5.315100774e-02 5.745206028e-02
 6.215757877e-02 6.730087101e-02 7.291641831e-02 7.904640585e-02 8.574713022e-02
 9.308917075e-02 1.011573374e-01 1.100478917e-01 1.198544875e-01 1.306089908e-01
 1.421062499e-01 1.523561776e-01 1.589104086e-01 1.611347198e-01 1.588326544e-01
 1.536862850e-01 1.482670605e-01 1.431044638e-01 1.383524239e-01 1.340902746e-01
 1.302945614e-01 1.269107312e-01 1.238795817e-01 1.211466715e-01 1.186650693e-01
 1.163954884e-01 1.143055037e-01 1.123684943e-01 1.105626971e-01 1.088702977e-01
 5.730177276e-03 1.299315970e-02 2.297377028e-02 2.976205386e-02 2.994951606e-02
 2.924834564e-02 2.852409706e-02 2.778750099e-02 2.705327608e-02 2.633759193e-02
 2.565647662e-02 2.502527647e-02 2.445872128e-02 2.397117950e-02 2.357689105e-02
 2.329017408e-02 2.312554792e-02 2.309773304e-02 2.322159335e-02 2.351181954e-02
 2.398271486e-02 2.464824915e-02 2.552205324e-02 2.661737055e-02 2.794714458e-02
 2.952422388e-02 3.136147186e-02 3.347193077e-02 3.586903587e-02 3.856687620e-02
 4.158047214e-02 4.492602870e-02 4.862098023e-02 5.271677300e-02 5.723567307e-02
 6.219568476e-02 6.763906032e-02 7.365714014e-02 8.029068261e-02 8.762530237e-02
 9.579326212e-02 1.049795896e-01 1.154536530e-01 1.276237220e-01 1.421332508e-01
 1.601679474e-01 1.760113090e-01 1.851871312e-01 1.879867464e-01 1.841166317e-01
 1.739453375e-01 1.620808095e-01 1.533203274e-01 1.463851333e-01 1.407276839e-01
 1.359997392e-01 1.319666058e-01 1.284646243e-01 1.253765821e-01 1.226166487e-01
 1.201208457e-01 1.178407446e-01 1.157392561e-01 1.137876436e-01 1.119634435e-01
 5.766100716e-03 1.307122875e-02 2.310254984e-02 2.994995005e-02 3.019841202e-02
 2.953836694e-02 2.883142419e-02 2.809363045e-02 2.734024264e-02 2.658651210e-02
 2.584773675e-02 2.513930574e-02 2.447674796e-02 2.387586050e-02 2.335288934e-02
 2.292472683e-02 2.260915004e-02 2.242435329e-02 2.239028364e-02 2.252586000e-02
 2.284820937e-02 2.337429114e-02 2.412075736e-02 2.510306798e-02 2.633577399e-02
 2.783334628e-02 2.960993350e-02 3.167950362e-02 3.405621275e-02 3.675461560e-02
 3.978998959e-02 4.317860678e-02 4.693735018e-02 5.111232772e-02 5.573119596e-02
 6.080986932e-02 6.638921797e-02 7.255735993e-02 7.934783399e-02 8.684560657e-02
 9.517604113e-02 1.045133248e-01 1.151094884e-01 1.273458600e-01 1.418384314e-01
 1.598133147e-01 1.758084744e-01 1.854275614e-01 1.890938580e-01 1.866106391e-01
 1.770895869e-01 1.647814810e-01 1.558114439e-01 1.488503069e-01 1.432332397e-01
 1.385612935e-01 1.345790029e-01 1.311145425e-01 1.280480027e-01 1.252935231e-01
 1.227883175e-01 1.204858050e-01 1.183509305e-01 1.163570583e-01 1.144836769e-01
 5.779329222e-03 1.309913676e-02 2.315120772e-02 3.001452610e-02 3.026720881e-02
 2.960529551e-02 2.888187580e-02 2.811058238e-02 2.730545588e-02 2.648081444e-02
 2.565134317e-02 2.483221516e-02 2.403920144e-02 2.328885533e-02 2.259869128e-02
 2.198696882e-02 2.147706598e-02 2.109261230e-02 2.085752785e-02 2.079550922e-02
 2.092952095e-02 2.128135227e-02 2.187078260e-02 2.271406539e-02 2.382313088e-02
 2.521563694e-02 2.690650895e-02 2.890936285e-02 3.123794496e-02 3.390591964e-02
 3.692744300e-02 4.031764343e-02 4.409352317e-02 4.827567935e-02 5.288870633e-02
 5.795847625e-02 6.351309270e-02 6.958316267e-02 7.620429248e-02 8.342207968e-02
 9.129195660e-02 9.987694770e-02 1.092403457e-01 1.194219068e-01 1.303575486e-01
 1.416345239e-01 1.516958922e-01 1.588831693e-01 1.626344919e-01 1.628078967e-01
 1.597020030e-01 1.548943520e-01 1.500380188e-01 1.455805451e-01 1.415905654e-01
 1.380246431e-01 1.348167211e-01 1.319036484e-01 1.292321235e-01 1.267594546e-01
 1.244523674e-01 1.222852170e-01 1.202383861e-01 1.182968244e-01 1.164489016e-01
 5.776314531e-03 1.309097279e-02 2.312735468e-02 2.997337468e-02 3.020794876e-02
 2.950926684e-02 2.873476222e-02 2.789580077e-02 2.700447477e-02 2.607363649e-02
 2.511690184e-02 2.414871752e-02 2.318448015e-02 2.224063873e-02 2.133687958e-02
 2.049776167e-02 1.974934526e-02 1.911878772e-02 1.863397658e-02 1.832309552e-02
 1.821409538e-02 1.833407767e-02 1.870856248e-02 1.936065219e-02 2.031025104e-02
 2.157345787e-02 2.315927297e-02 2.507402748e-02 2.733291872e-02 2.994709276e-02
 3.292754292e-02 3.628516942e-02 4.003101215e-02 4.417642206e-02 4.873292893e-02
 5.371176079e-02 5.912318081e-02 6.497564167e-02 7.127478719e-02 7.802066952e-02
 8.520264924e-02 9.278984368e-02 1.007143781e-01 1.088437438e-01 1.169403344e-01
 1.246204302e-01 1.314838678e-01 1.370697320e-01 1.409743875e-01 1.431276500e-01
 1.437075734e-01 1.430881619e-01 1.416940242e-01 1.398721039e-01 1.378427595e-01
 1.357305050e-01 1.336011142e-01 1.314880848e-01 1.294083446e-01 1.273707151e-01
 1.253802180e-01 1.234400719e-01 1.215526164e-01 1.197195500e-01 1.179420948e-01
 5.761271343e-03 1.305584889e-02 2.306920104e-02 2.987483703e-02 3.004790470e-02
 2.928506024e-02 2.843039110e-02 2.749258094e-02 2.648193575e-02 2.540976368e-02
 2.428832836e-02 2.313090302e-02 2.195183560e-02 2.077052929e-02 1.961154863e-02
 1.850168221e-02 1.746967249e-02 1.654589176e-02 1.576196216e-02 1.515026297e-02
 1.474338304e-02 1.457347907e-02 1.467157621e-02 1.506678294e-02 1.578543149e-02
 1.685007848e-02 1.827832498e-02 2.008190751e-02 2.226485498e-02 2.481691912e-02
 2.774694003e-02 3.106147423e-02 3.476428241e-02 3.885811195e-02 4.334398359e-02
 4.822065309e-02 5.348347127e-02 5.912294239e-02 6.512247026e-02 7.145514339e-02
 7.807896286e-02 8.493042737e-02 9.191648662e-02 9.890615195e-02 1.057254001e-01
 1.121620983e-01 1.180699319e-01 1.232539117e-01 1.274800599e-01 1.306848824e-01
 1.328936815e-01 1.342051029e-01 1.347606182e-01 1.347081214e-01 1.341820210e-01
 1.332935393e-01 1.321313232e-01 1.307657659e-01 1.292528957e-01 1.276378930e-01
 1.259572506e-01 1.242403686e-01 1.225106940e-01 1.207865700e-01 1.190820709e-01
 5.737427622e-03 1.300092041e-02 2.295921557e-02 2.970145270e-02 2.980798297e-02
 2.896129712e-02 2.800148353e-02 2.693681605e-02 2.577627823e-02 2.452961542e-02
 2.320745774e-02 2.182141319e-02 2.038879879e-02 1.893300563e-02 1.748027839e-02
 1.605953649e-02 1.470215153e-02 1.344160736e-02 1.231307164e-02 1.135288179e-02
 1.059795078e-02 1.008510683e-02 9.850369766e-03 9.928173386e-03 1.035052817e-02
 1.114610489e-02 1.233920921e-02 1.394858304e-02 1.598590612e-02 1.845405996e-02
 2.134659700e-02 2.463934384e-02 2.832112461e-02 3.239094839e-02 3.684158251e-02
 4.166304693e-02 4.684140906e-02 5.235752463e-02 5.818515271e-02 6.428879499e-02
 7.062108815e-02 7.711982727e-02 8.370538056e-02 9.027929604e-02 9.672580659e-02
 1.029208004e-01 1.087522060e-01 1.140948683e-01 1.188177913e-01 1.228350177e-01
 1.261024475e-01 1.286118627e-01 1.303872764e-01 1.314794719e-01 1.319575459e-01
 1.319030523e-01 1.314028502e-01 1.305423677e-01 1.294020712e-01 1.280537397e-01
 1.265587658e-01 1.249677986e-01 1.233212203e-01 1.216503829e-01 1.199789569e-01
 5.707438570e-03 1.293238532e-02 2.284593694e-02 2.951733768e-02 2.952187695e-02
 2.856665850e-02 2.747760713e-02 2.626078762e-02 2.492310479e-02 2.347225137e-02
 2.191675082e-02 2.027010359e-02 1.855354197e-02 1.679168083e-02 1.501242723e-02
 1.324686129e-02 1.152897161e-02 9.895294905e-03 8.384438232e-03 7.036511321e-03
 5.892477464e-03 4.993448500e-03 4.379931837e-03 4.091055132e-03 4.163759761e-03
 4.631962162e-03 5.525650457e-03 6.869884674e-03 8.683627471e-03 1.097834017e-02
 1.375616901e-02 1.700759120e-02 2.071009390e-02 2.481944859e-02 2.930441126e-02
 3.415437788e-02 3.935087845e-02 4.487155005e-02 5.068946630e-02 5.677153915e-02
 6.307715923e-02 6.955706328e-02 7.615230232e-02 8.279372752e-02 8.940220624e-02
 9.588935971e-02 1.021575630e-01 1.080998257e-01 1.136018038e-01 1.185472831e-01
 1.228259131e-01 1.263478100e-01 1.290545315e-01 1.309309155e-01 1.320131570e-01
 1.323796213e-01 1.321387440e-01 1.314136833e-01 1.303224415e-01 1.289692521e-01
 1.274401546e-01 1.258028299e-01 1.241084039e-01 1.223943010e-01 1.206870973e-01
 5.673116073e-03 1.285413839e-02 2.269196697e-02 2.928028442e-02 2.919740416e-02
 2.811816148e-02 2.688212693e-02 2.549327165e-02 2.395643853e-02 2.227710746e-02
 2.046340890e-02 1.853358932e-02 1.650970802e-02 1.441763807e-02 1.228705235e-02
 1.015125774e-02 8.046916686e-03 6.013629027e-03 4.093397874e-03 2.329980489e-03
 7.681694115e-04-5.469843163e-04-1.570967142e-03-2.260596259e-03-2.574792597e-03
-2.475335030e-03-1.927612117e-03-9.014122770e-04 6.281845272e-04 2.679731930e-03
 5.264080130e-03 8.382603526e-03 1.202485431e-02 1.616546325e-02 2.076207660e-02
 2.574464679e-02 3.107342869e-02 3.672992438e-02 4.269146919e-02 4.893241823e-02
 5.542429164e-02 6.213490665e-02 6.902796030e-02 7.606215775e-02 8.318961412e-02
 9.035295993e-02 9.748020023e-02 1.044763029e-01 1.112118661e-01 1.175124124e-01
 1.231599599e-01 1.279074401e-01 1.315472722e-01 1.339768618e-01 1.352238953e-01
 1.354479492e-01 1.348780990e-01 1.337393373e-01 1.322273016e-01 1.304913312e-01
 1.286379844e-01 1.267397255e-01 1.248438954e-01 1.229802445e-01 1.211665943e-01
 5.635876674e-03 1.276927534e-02 2.255306207e-02 2.905407175e-02 2.884544060e-02
 2.763200365e-02 2.623679116e-02 2.466191165e-02 2.291015536e-02 2.098473348e-02
 1.889878139e-02 1.667118073e-02 1.432496961e-02 1.188746840e-02 9.390251711e-03
 6.868989673e-03 4.363118671e-03 1.915367786e-03-4.288627533e-04-2.622239757e-03
-4.616318736e-03-6.362409797e-03-7.812440861e-03-8.919784799e-03-9.640019387e-03
-9.931603447e-03-9.756485000e-03-9.080658667e-03-7.874749601e-03-6.114691962e-03
-3.782628803e-03-8.681472973e-04 2.630031202e-03 6.701733917e-03 1.132220123e-02
 1.644803770e-02 2.201486938e-02 2.792073786e-02 3.414836153e-02 4.068098217e-02
 4.750310630e-02 5.460192263e-02 6.196669117e-02 6.958898157e-02 7.746224850e-02
 8.557975292e-02 9.392874688e-02 1.024767235e-01 1.111404374e-01 1.197199821e-01
 1.277842671e-01 1.346542537e-01 1.396333873e-01 1.423580647e-01 1.429297328e-01
 1.418735087e-01 1.398766935e-01 1.374512762e-01 1.348789930e-01 1.323181987e-01
 1.298485249e-01 1.275040656e-01 1.252947003e-01 1.232182831e-01 1.212670133e-01
 5.597126670e-03 1.268095616e-02 2.237740345e-02 2.878579497e-02 2.847866155e-02
 2.712528035e-02 2.556387521e-02 2.379475161e-02 2.181849442e-02 1.964042522e-02
 1.727576368e-02 1.474407502e-02 1.206952799e-02 9.281029925e-03 6.412209477e-03
 3.501233412e-03 5.904294085e-04-2.274267375e-03-5.044035148e-03-7.668019272e-03
-1.009427477e-02-1.227074210e-02-1.414620783e-02-1.567118056e-02-1.679866016e-02
-1.748475805e-02-1.768916845e-02-1.737552881e-02-1.651168242e-02-1.506998483e-02
-1.302770246e-02-1.036768500e-02-7.079462986e-03-3.160923487e-03 1.379275462e-03
 6.518370938e-03 1.221492328e-02 1.840298437e-02 2.498941310e-02 3.189227358e-02
 3.911284357e-02 4.665663838e-02 5.453750491e-02 6.278067082e-02 7.142683119e-02
 8.053774387e-02 9.020354599e-02 1.005526707e-01 1.117667556e-01 1.241166368e-01
 1.383151859e-01 1.505136192e-01 1.579535753e-01 1.606359780e-01 1.577171683e-01
 1.516925693e-01 1.462083608e-01 1.413667649e-01 1.371522546e-01 1.335016638e-01
 1.303202361e-01 1.275202781e-01 1.250293404e-01 1.227896810e-01 1.207558438e-01
 5.558333825e-03 1.259256620e-02 2.223536931e-02 2.855139785e-02 2.811063267e-02
 2.661609091e-02 2.488666214e-02 2.292134613e-02 2.071891353e-02 1.828893274e-02
 1.564703509e-02 1.281358209e-02 9.813986719e-03 6.678861566e-03 3.444012720e-03
 1.502162195e-04-3.157217987e-03-6.429092027e-03-9.613159113e-03-1.265510730e-02
-1.549964398e-02-1.809160411e-02-2.037702315e-02-2.230408415e-02-2.382392250e-02
-2.489120513e-02-2.546451055e-02-2.550648339e-02-2.498385869e-02-2.386738919e-02
-2.213180810e-02-1.975596324e-02-1.672328077e-02-1.302273292e-02-8.650541306e-03
-3.612770932e-03 2.071089344e-03 8.363409899e-03 1.520240214e-02 2.249652706e-02
 3.010828048e-02 3.805803508e-02 4.637095332e-02 5.508943647e-02 6.428039819e-02
 7.404591143e-02 8.454137295e-02 9.600581229e-02 1.088131815e-01 1.235503033e-01
 1.411523521e-01 1.562697589e-01 1.654949337e-01 1.691182405e-01 1.670403779e-01
 1.589231938e-01 1.491324306e-01 1.420985907e-01 1.367358118e-01 1.324827820e-01
 1.290013343e-01 1.260762662e-01 1.235643029e-01 1.213663220e-01 1.194116995e-01
 5.520861596e-03 1.250736602e-02 2.206591330e-02 2.829382755e-02 2.775870636e-02
 2.612330951e-02 2.422752790e-02 2.206889912e-02 1.964701340e-02 1.697322540e-02
 1.406359673e-02 1.093935501e-02 7.627226878e-03 4.159618169e-03 5.745866802e-04
-3.084420692e-03-6.769075058e-03-1.042691525e-02-1.400231663e-02-1.743761823e-02
-2.067436278e-02-2.365455031e-02-2.632183582e-02-2.862257510e-02-3.050666489e-02
-3.192812577e-02-3.284539655e-02-3.322134167e-02-3.302307054e-02-3.222154453e-02
-3.079118207e-02-2.870952711e-02-2.595716715e-02-2.251809277e-02-1.838070713e-02
-1.353970636e-02-7.999079302e-03-1.776422723e-03 5.091396160e-03 1.254071202e-02
 2.047195099e-02 2.874518745e-02 3.733902052e-02 4.628939554e-02 5.564940348e-02
 6.549710035e-02 7.594478130e-02 8.715404570e-02 9.936177731e-02 1.129436195e-01
 1.288027316e-01 1.424794346e-01 1.513001472e-01 1.555699408e-01 1.551435292e-01
 1.493088305e-01 1.416006088e-01 1.360180676e-01 1.316546947e-01 1.281371713e-01
 1.252307594e-01 1.227764487e-01 1.206628159e-01 1.188097894e-01 1.171586737e-01
 5.485553760e-03 1.242716331e-02 2.193903737e-02 2.808578685e-02 2.743060328e-02
 2.565921284e-02 2.360528521e-02 2.126349509e-02 1.863578148e-02 1.573362574e-02
 1.257360354e-02 9.177866392e-03 5.574511364e-03 1.797771198e-03-2.112032613e-03
-6.108795758e-03-1.014121529e-02-1.415365376e-02-1.808723062e-02-2.188111655e-02
-2.547391877e-02-2.880509384e-02-3.181627393e-02-3.445242345e-02-3.666273504e-02
-3.840121254e-02-3.962691501e-02-4.030387476e-02-4.040072486e-02-3.989008442e-02
-3.874785453e-02-3.695253283e-02-3.448471054e-02-3.132691979e-02-2.746408433e-02
-2.288478985e-02-1.758361608e-02-1.156481914e-02-4.847632255e-03 2.526815515e-03
 1.048698742e-02 1.892052777e-02 2.766669169e-02 3.664956987e-02 4.588522017e-02
 5.539118499e-02 6.518298388e-02 7.526074350e-02 8.557865024e-02 9.597291797e-02
 1.060179099e-01 1.148695350e-01 1.217229292e-01 1.261888593e-01 1.282176077e-01
 1.281302571e-01 1.267323792e-01 1.248594895e-01 1.229313463e-01 1.211110726e-01
 1.194456145e-01 1.179353669e-01 1.165638641e-01 1.153100803e-01 1.141534671e-01
 5.453057121e-03 1.235315949e-02 2.179265209e-02 2.786048315e-02 2.712250501e-02
 2.523197606e-02 2.303634025e-02 2.052927576e-02 1.771567389e-02 1.460733730e-02
 1.122144982e-02 7.581133395e-03 3.715860890e-03-3.383464937e-04-4.538975656e-03
-8.837375790e-03-1.317942329e-02-1.750648767e-02-2.175666578e-02-2.586621046e-02
-2.977108769e-02-3.340852633e-02-3.671849146e-02-3.964491934e-02-4.213669896e-02
-4.414826632e-02-4.563982412e-02-4.657717049e-02-4.693119600e-02-4.667710513e-02
-4.579349235e-02-4.426136985e-02-4.206334054e-02-3.918309882e-02-3.560540453e-02
-3.131686896e-02-2.630770206e-02-2.057480812e-02-1.412641164e-02-6.988549139e-03
 7.865215885e-04 9.110348299e-03 1.784624532e-02 2.679980919e-02 3.583239391e-02
 4.491874576e-02 5.401664600e-02 6.305699050e-02 7.192704082e-02 8.045231551e-02
 8.838768303e-02 9.545676410e-02 1.014042124e-01 1.060673818e-01 1.094249561e-01
 1.116017923e-01 1.128247902e-01 1.133570522e-01 1.134367213e-01 1.132363603e-01
 1.128688529e-01 1.124034822e-01 1.118810400e-01 1.113247648e-01 1.107474267e-01
 5.424397532e-03 1.228785515e-02 2.168813907e-02 2.768890560e-02 2.685125731e-02
 2.485702373e-02 2.253851108e-02 1.988857426e-02 1.691430435e-02 1.362781320e-02
 1.004688442e-02 6.195581052e-03 2.104673767e-03-2.188148443e-03-6.638355553e-03
-1.119497418e-02-1.580132358e-02-2.039608918e-02-2.491466887e-02-2.929075621e-02
-3.345802426e-02-3.735182434e-02-4.091076925e-02-4.407808557e-02-4.680263251e-02
-4.903953522e-02-5.075036734e-02-5.190296099e-02-5.247076228e-02-5.243195221e-02
-5.176835135e-02-5.046425387e-02-4.850536585e-02-4.587801173e-02-4.256882146e-02
-3.856505826e-02-3.385592625e-02-2.843507379e-02-2.230458148e-02-1.548074279e-02
-8.001763374e-03 6.256183406e-05 8.599876426e-03 1.744310744e-02 2.636159770e-02
 3.517231718e-02 4.382281378e-02 5.224401131e-02 6.034767628e-02 6.802591681e-02
 7.515745610e-02 8.161806315e-02 8.730375767e-02 9.215077758e-02 9.614701569e-02
 9.933376312e-02 1.017975211e-01 1.036498100e-01 1.050049886e-01 1.059679687e-01
 1.066263020e-01 1.070487648e-01 1.072875038e-01 1.073813364e-01 1.073589623e-01
 5.400651600e-03 1.223375276e-02 2.158083767e-02 2.752356790e-02 2.662694082e-02
 2.454725280e-02 2.212733030e-02 1.936109364e-02 1.625586487e-02 1.282411348e-02
 9.084207937e-03 5.061059259e-03 7.865858497e-04-3.700075671e-03-8.352657780e-03
-1.311819907e-02-1.793785021e-02-2.274802700e-02-2.748187259e-02-3.207094595e-02
-3.644704819e-02-4.054402187e-02-4.429944232e-02-4.765605927e-02-5.056285486e-02
-5.297571421e-02-5.485758930e-02-5.617825687e-02-5.691362545e-02-5.704475567e-02
-5.655662715e-02-5.543685704e-02-5.367446318e-02-5.125887692e-02-4.817935079e-02
-4.442502186e-02-3.998579085e-02-3.485433757e-02-2.902946994e-02-2.252116054e-02
-1.535736211e-02-7.592685055e-03 6.813120563e-04 9.325266816e-03 1.814147644e-02
 2.686816454e-02 3.532518074e-02 4.346306995e-02 5.122485384e-02 5.854796246e-02
 6.536801159e-02 7.162574679e-02 7.727349550e-02 8.228199929e-02 8.664527535e-02
 9.038144350e-02 9.352907538e-02 9.614165127e-02 9.828101099e-02 1.000102088e-01
 1.013888642e-01 1.024704278e-01 1.033010855e-01 1.039198115e-01 1.043590456e-01
 5.382694304e-03 1.219285559e-02 2.151666582e-02 2.741809376e-02 2.645765431e-02
 2.431357279e-02 2.181739733e-02 1.896397211e-02 1.576068252e-02 1.222024858e-02
 8.361483924e-03 4.209967330e-03-2.014861675e-04-4.832603969e-03-9.635763243e-03
-1.455646101e-02-1.953416876e-02-2.450355887e-02-2.939604595e-02-3.414157405e-02
-3.867052868e-02-4.291563481e-02-4.681373015e-02-5.030726269e-02-5.334539339e-02
-5.588467419e-02-5.788922682e-02-5.933044106e-02-6.018625945e-02-6.044011563e-02
-6.007961929e-02-5.909518898e-02-5.747869238e-02-5.522231758e-02-5.231781304e-02
-4.875631258e-02-4.452892393e-02-3.962832689e-02-3.405164182e-02-2.780476399e-02
-2.090840973e-02-1.340590231e-02-5.372473504e-03 3.074497683e-03 1.176579017e-02
 2.047279477e-02 2.890722640e-02 3.696310893e-02 4.460865259e-02 5.180982873e-02
 5.853298679e-02 6.474782526e-02 7.043100893e-02 7.556910068e-02 8.016039431e-02
 8.421543241e-02 8.775626868e-02 9.081421793e-02 9.342692792e-02 9.563557059e-02
 9.748216718e-02 9.900753200e-02 1.002499387e-01 1.012443081e-01 1.020219177e-01
 5.371154286e-03 1.216657553e-02 2.146265656e-02 2.733548544e-02 2.634895779e-02
 2.416376211e-02 2.161883935e-02 1.870973036e-02 1.544387173e-02 1.183413994e-02
 7.899647579e-03 3.666412784e-03-8.321522619e-04-5.555025302e-03-1.045369077e-02
-1.547263004e-02-2.055021748e-02-2.561998181e-02-3.061221540e-02-3.545581922e-02
-4.008026049e-02-4.441756755e-02-4.840411618e-02-5.198217928e-02-5.510106310e-02
-5.771780014e-02-5.979730189e-02-6.131204963e-02-6.224135682e-02-6.257024407e-02
-6.228810921e-02-6.138724834e-02-5.986147746e-02-5.770488456e-02-5.491098389e-02
-5.147236958e-02-4.738113657e-02-4.263021424e-02-3.721587360e-02-3.114165366e-02
-2.442386746e-02-1.709878072e-02-9.231341071e-03-9.249377181e-04 7.668800186e-03
 1.634202525e-02 2.482634969e-02 3.288969025e-02 4.051851481e-02 4.769595340e-02
 5.440444127e-02 6.062824279e-02 6.635560095e-02 7.158055902e-02 7.630416751e-02
 8.053504676e-02 8.428905904e-02 8.758851141e-02 9.046082199e-02 9.293695539e-02
 9.504984319e-02 9.683298320e-02 9.831929952e-02 9.954023361e-02 1.005252525e-01
 5.366425961e-03 1.215580199e-02 2.144907415e-02 2.731160074e-02 2.630446106e-02
 2.410266735e-02 2.153795026e-02 1.860623248e-02 1.531497948e-02 1.167714410e-02
 7.711968385e-03 3.445663955e-03-1.088099321e-03-5.847977009e-03-1.078507025e-02
-1.584343240e-02-2.096096613e-02-2.607072517e-02-3.110252693e-02-3.598483279e-02
-4.064673930e-02-4.501997679e-02-4.904072732e-02-5.265120417e-02-5.580078438e-02
-5.844668299e-02-6.055415049e-02-6.209611893e-02-6.305246055e-02-6.340885907e-02
-6.315540522e-02-6.228519604e-02-6.079281121e-02-5.867311731e-02-5.592033267e-02
-5.252764747e-02-4.848755896e-02-4.379311204e-02-3.844025731e-02-3.243163601e-02
-2.578183077e-02-1.852434874e-02-1.072005928e-02-2.466744510e-03 6.091335323e-03
 1.475549489e-02 2.326896973e-02 3.134779260e-02 3.898331150e-02 4.616408795e-02
 5.287790298e-02 5.911375582e-02 6.486370414e-02 7.012432069e-02 7.489777356e-02
 7.919227332e-02 8.302206546e-02 8.640687913e-02 8.937103301e-02 9.194224328e-02
 9.415046126e-02 9.602663666e-02 9.760172665e-02 9.890580177e-02 9.996749461e-02
 5.368688144e-03 1.216094382e-02 2.145459317e-02 2.732172422e-02 2.632569894e-02
 2.413230389e-02 2.157730609e-02 1.865667477e-02 1.537787635e-02 1.175384782e-02
 7.803789806e-03 3.553848248e-03-9.624014492e-04-5.703737028e-03-1.062141079e-02
-1.565964706e-02-2.075654082e-02-2.584534697e-02-3.085608035e-02-3.571739048e-02
-4.035853595e-02-4.471137002e-02-4.871216044e-02-5.230314285e-02-5.543364584e-02
-5.806079507e-02-6.014965475e-02-6.167293340e-02-6.261019409e-02-6.294676661e-02
-6.267236173e-02-6.177960709e-02-6.026264280e-02-5.811586604e-02-5.533304811e-02
-5.190698057e-02-4.782986268e-02-4.309459031e-02-3.769723326e-02-3.164089099e-02
-2.494112030e-02-1.763306372e-02-9.780080058e-03-1.483471948e-03 7.107796613e-03
 1.578906551e-02 2.429613844e-02 3.237630054e-02 4.001775384e-02 4.720550776e-02
 5.392384902e-02 6.015859544e-02 6.589926034e-02 7.114075869e-02 7.588453591e-02
 8.013910055e-02 8.391986787e-02 8.724839240e-02 9.015116096e-02 9.265819192e-02
 9.480154514e-02 9.661402553e-02 9.812802076e-02 9.937462956e-02 1.003831252e-01
 5.377891473e-03 1.218189672e-02 2.149463817e-02 2.738391235e-02 2.641236596e-02
 2.425183915e-02 2.173576131e-02 1.885956898e-02 1.563070528e-02 1.206199452e-02
 8.172431029e-03 3.987841308e-03-4.586374271e-04-5.126342177e-03-9.967194870e-03
-1.492618769e-02-1.994225197e-02-2.494951151e-02-2.987884171e-02-3.465969488e-02
-3.922203183e-02-4.349824041e-02-4.742494598e-02-5.094449967e-02-5.400609970e-02
-5.656647682e-02-5.859004706e-02-6.004861370e-02-6.092061847e-02-6.119006127e-02
-6.084517017e-02-5.987698957e-02-5.827799812e-02-5.604094639e-02-5.315806717e-02
-4.962082580e-02-4.542048648e-02-4.054960981e-02-3.500483185e-02-2.879111096e-02
-2.192762867e-02-1.445546467e-02-6.446806714e-03 1.984870294e-03 1.067488547e-02
 1.939969510e-02 2.787406370e-02 3.595563397e-02 4.361797124e-02 5.083167180e-02
 5.756720155e-02 6.379819661e-02 6.950438023e-02 7.467416674e-02 7.930657268e-02
 8.341171592e-02 8.700998873e-02 9.013038874e-02 9.280822426e-02 9.508235753e-02
 9.699283540e-02 9.857898206e-02 9.987802058e-02 1.009242982e-01 1.017488837e-01
 5.393741187e-03 1.221798267e-02 2.155895345e-02 2.748562954e-02 2.656152658e-02
 2.445756085e-02 2.200843953e-02 1.920875907e-02 1.606590673e-02 1.259252056e-02
 8.807231672e-03 4.735315684e-03 4.091568699e-04-4.131538793e-03-8.839845657e-03
-1.366207004e-02-1.853858307e-02-2.340499870e-02-2.819368429e-02-3.283547610e-02
-3.726154193e-02-4.140523449e-02-4.520379752e-02-4.859982058e-02-5.154232681e-02
-5.398742110e-02-5.589846894e-02-5.724579841e-02-5.800602213e-02-5.816097185e-02
-5.769648030e-02-5.660101399e-02-5.486441776e-02-5.247684941e-02-4.942816123e-02
-4.570785165e-02-4.130588844e-02-3.621459007e-02-3.043187782e-02-2.396612428e-02
-1.684282534e-02-9.113141336e-03-8.639971493e-04 7.770902943e-03 1.660078950e-02
 2.537058480e-02 3.385344893e-02 4.200190678e-02 4.976385832e-02 5.708299577e-02
 6.390240788e-02 7.016925514e-02 7.584173977e-02 8.089476824e-02 8.532324433e-02
 8.914285898e-02 9.238822758e-02 9.510773420e-02 9.735724330e-02 9.919498861e-02
 1.006770879e-01 1.018547192e-01 1.027728990e-01 1.034701988e-01 1.039792150e-01
 5.415722262e-03 1.226802915e-02 2.164774947e-02 2.762626857e-02 2.676837519e-02
 2.474290133e-02 2.238674276e-02 1.969346218e-02 1.667033695e-02 1.332971733e-02
 9.689744562e-03 5.774952471e-03 1.616709633e-03-2.746574814e-03-7.269537076e-03
-1.190027595e-02-1.658112183e-02-2.124974318e-02-2.584054321e-02-3.028628416e-02
-3.451982886e-02-3.847587481e-02-4.209258035e-02-4.531293735e-02-4.808580875e-02
-5.036655441e-02-5.211721733e-02-5.330626667e-02-5.390796065e-02-5.390140414e-02
-5.326938629e-02-5.199716613e-02-5.007135496e-02-4.747904465e-02-4.420738295e-02
-4.024384543e-02-3.557739407e-02-3.020085208e-02-2.411474474e-02-1.733289100e-02
-9.889974259e-03-1.850997214e-03 6.677517202e-03 1.553597208e-02 2.450094745e-02
 3.333422169e-02 4.198139161e-02 5.037625507e-02 5.843600258e-02 6.606168300e-02
 7.314371318e-02 7.957641035e-02 8.527141809e-02 9.017337859e-02 9.427148104e-02
 9.760076553e-02 1.002327949e-01 1.022625938e-01 1.037935838e-01 1.049225479e-01
 1.057323739e-01 1.062900200e-01 1.066476032e-01 1.068449169e-01 1.069121361e-01
 5.443124101e-03 1.233041752e-02 2.176247351e-02 2.780631371e-02 2.702626213e-02
 2.509848028e-02 2.285800315e-02 2.029835247e-02 1.742551476e-02 1.425157394e-02
 1.079413109e-02 7.076862268e-03 3.129936056e-03-1.009788248e-03-5.298827309e-03
-9.687450714e-03-1.412037574e-02-1.853777841e-02-2.287657745e-02-2.707191929e-02
-3.105878830e-02-3.477361426e-02-3.815577179e-02-4.114887491e-02-4.370173812e-02
-4.576899484e-02-4.731129482e-02-4.829509556e-02-4.869210348e-02-4.847846180e-02
-4.763372242e-02-4.613983259e-02-4.398019984e-02-4.113908485e-02-3.760149330e-02
-3.335380554e-02-2.838539705e-02-2.269155346e-02-1.627796143e-02-9.167025797e-03
-1.406115363e-03 6.922090892e-03 1.568839327e-02 2.470456064e-02 3.377002478e-02
 4.285265505e-02 5.190700293e-02 6.086112186e-02 6.960342079e-02 7.797037065e-02
 8.574814349e-02 9.269278497e-02 9.859302640e-02 1.033210009e-01 1.068562269e-01
 1.092904210e-01 1.108104438e-01 1.116439998e-01 1.119992733e-01 1.120388359e-01
 1.118752956e-01 1.115814745e-01 1.112028062e-01 1.107670665e-01 1.102910340e-01
 5.475061480e-03 1.240313426e-02 2.188832872e-02 2.800722048e-02 2.732676268e-02
 2.551302128e-02 2.340737358e-02 2.100473270e-02 1.830847561e-02 1.533048227e-02
 1.208781265e-02 8.603229187e-03 4.905588459e-03 1.030035550e-03-2.982047154e-03
-7.083366625e-03-1.122134179e-02-1.533900388e-02-1.937615685e-02-2.327071317e-02
-2.696015500e-02-3.038299270e-02-3.348014504e-02-3.619611636e-02-3.847992048e-02
-4.028565809e-02-4.157273471e-02-4.230575264e-02-4.245404899e-02-4.199104384e-02
-4.089343920e-02-3.914042562e-02-3.671306744e-02-3.359404206e-02-2.976793982e-02
-2.522237413e-02-1.995016821e-02-1.395287085e-02-7.245839108e-03 1.349322265e-04
 8.124020882e-03 1.661710441e-02 2.545884065e-02 3.450895473e-02 4.377488047e-02
 5.326637626e-02 6.298664957e-02 7.291907072e-02 8.299542964e-02 9.302164614e-02
 1.025372446e-01 1.108816788e-01 1.174826249e-01 1.220234558e-01 1.244638115e-01
 1.250555813e-01 1.243407875e-01 1.229868010e-01 1.214531213e-01 1.199352816e-01
 1.185041517e-01 1.171780527e-01 1.159534752e-01 1.148186624e-01 1.137596592e-01
 5.510499235e-03 1.248382963e-02 2.203922905e-02 2.824291959e-02 2.766041085e-02
 2.597361617e-02 2.401826717e-02 2.179095335e-02 1.929224469e-02 1.653380692e-02
 1.353214681e-02 1.030908059e-02 6.892102305e-03 3.314557020e-03-3.843920713e-04
-4.160049371e-03-7.962728851e-03-1.173855178e-02-1.543046813e-02-1.897945069e-02
-2.232578769e-02-2.541040070e-02-2.817608416e-02-3.056859039e-02-3.253747895e-02
-3.403669968e-02-3.502485156e-02-3.546515480e-02-3.532519192e-02-3.457643464e-02
-3.319374099e-02-3.115489893e-02-2.844041586e-02-2.503373101e-02-2.092206478e-02
-1.609814912e-02-1.056307275e-02-4.330426920e-03 2.567940392e-03 1.007473003e-02
 1.809965074e-02 2.650848590e-02 3.521756455e-02 4.425769299e-02 5.367711186e-02
 6.354445964e-02 7.395669073e-02 8.504933864e-02 9.701370448e-02 1.101361364e-01
 1.246177405e-01 1.369809061e-01 1.452722698e-01 1.496333033e-01 1.499339044e-01
 1.457103044e-01 1.395218074e-01 1.345249414e-01 1.305375844e-01 1.272784472e-01
 1.245589405e-01 1.222458631e-01 1.202428117e-01 1.184788793e-01 1.169011518e-01
 5.548282526e-03 1.256987080e-02 2.218542993e-02 2.847775817e-02 2.801649086e-02
 2.646536566e-02 2.467098460e-02 2.263176069e-02 2.034579776e-02 1.782427728e-02
 1.508311369e-02 1.214319747e-02 9.030671790e-03 5.777084734e-03 2.419357654e-03
-1.000459655e-03-4.435661249e-03-7.835578173e-03-1.114646904e-02-1.431256719e-02
-1.727722026e-02-1.998405717e-02-2.237810381e-02-2.440676279e-02-2.602062933e-02
-2.717406675e-02-2.782553807e-02-2.793773077e-02-2.747747675e-02-2.641559206e-02
-2.472671866e-02-2.238931507e-02-1.938596182e-02-1.570417732e-02-1.133793872e-02
-6.290113088e-03-5.760513595e-04 5.771446042e-03 1.269615535e-02 2.011091448e-02
 2.788872831e-02 3.599262238e-02 4.444796965e-02 5.329800397e-02 6.260914356e-02
 7.248234749e-02 8.307016641e-02 9.460507333e-02 1.074455976e-01 1.221438646e-01
 1.391015500e-01 1.535314173e-01 1.625347733e-01 1.663790494e-01 1.649823636e-01
 1.578589082e-01 1.487094164e-01 1.417465657e-01 1.364338845e-01 1.322252303e-01
 1.287856996e-01 1.259006262e-01 1.234266162e-01 1.212643608e-01 1.193431020e-01
 5.587179679e-03 1.265845262e-02 2.235376462e-02 2.873936109e-02 2.838225849e-02
 2.697149664e-02 2.534333058e-02 2.349766903e-02 2.143447660e-02 1.916082576e-02
 1.669240743e-02 1.404938474e-02 1.125669107e-02 8.344175294e-03 5.346586462e-03
 2.303371439e-03-7.417318411e-04-3.741289489e-03-6.644942798e-03-9.400316514e-03
-1.195401326e-02-1.425264683e-02-1.624383405e-02-1.787710376e-02-1.910467446e-02
-1.988205127e-02-2.016847394e-02-1.992719807e-02-1.912568323e-02-1.773578860e-02
-1.573403366e-02-1.310213469e-02-9.827923030e-03-5.906827748e-03-1.344126882e-03
 3.841818543e-03 9.615513496e-03 1.591963507e-02 2.266886458e-02 2.973242104e-02
 3.711625934e-02 4.482467845e-02 5.287273228e-02 6.128847227e-02 7.011801004e-02
 7.943218946e-02 8.933674544e-02 9.998823702e-02 1.116226390e-01 1.246236712e-01
 1.393907964e-01 1.518293023e-01 1.594304144e-01 1.622892320e-01 1.595349610e-01
 1.534724534e-01 1.475730389e-01 1.421962678e-01 1.376807243e-01 1.338555515e-01
 1.305711865e-01 1.277109683e-01 1.251860857e-01 1.229291260e-01 1.208886430e-01
 5.625904538e-03 1.274667308e-02 2.250036225e-02 2.897692099e-02 2.874785848e-02
 2.747678384e-02 2.601451240e-02 2.436273172e-02 2.252375707e-02 2.050080709e-02
 1.830912940e-02 1.596811228e-02 1.350152679e-02 1.093761623e-02 8.309062570e-03
 5.652806256e-03 3.009690437e-03 4.239500850e-04-2.057451988e-03-4.385611508e-03
-6.510552019e-03-8.382134140e-03-9.950951673e-03-1.116917934e-02-1.199133229e-02
-1.237492636e-02-1.228103787e-02-1.167480182e-02-1.052590366e-02-8.809155785e-03
-6.505269092e-03-3.601946868e-03-9.547649097e-05 4.006986972e-03 8.684435859e-03
 1.389854960e-02 1.958845183e-02 2.566246875e-02 3.205535933e-02 3.875183687e-02
 4.574059322e-02 5.301137641e-02 6.055659801e-02 6.837240607e-02 7.645903528e-02
 8.481992781e-02 9.345783293e-02 1.023633778e-01 1.114853993e-01 1.206506789e-01
 1.293751299e-01 1.367754638e-01 1.420526356e-01 1.448394060e-01 1.452140808e-01
 1.438075900e-01 1.414222717e-01 1.386284530e-01 1.357746273e-01 1.330121458e-01
 1.304007918e-01 1.279576719e-01 1.256801486e-01 1.235571131e-01 1.215744913e-01
 5.663084332e-03 1.283143274e-02 2.266534604e-02 2.923187613e-02 2.910014056e-02
 2.796372958e-02 2.666150592e-02 2.519695088e-02 2.357440069e-02 2.179863676e-02
 1.988008246e-02 1.783767156e-02 1.569424011e-02 1.347660553e-02 1.121554244e-02
 8.945615962e-03 6.704886910e-03 4.534458276e-03 2.477908740e-03 5.806084373e-04
-1.111044316e-03-2.550430363e-03-3.691532183e-03-4.489737563e-03-4.902608227e-03
-4.890609533e-03-4.417818040e-03-3.452644218e-03-1.968638971e-03 5.453079939e-05
 2.629813738e-03 5.761063658e-03 9.440829977e-03 1.364774443e-02 1.834257133e-02
 2.346484549e-02 2.893354930e-02 3.473542631e-02 4.084615782e-02 4.724084213e-02
 5.389198288e-02 6.076920033e-02 6.783852726e-02 7.506150007e-02 8.239375800e-02
 8.978219330e-02 9.715955704e-02 1.044347957e-01 1.114775687e-01 1.181000173e-01
 1.240501329e-01 1.290537417e-01 1.328752041e-01 1.353914440e-01 1.366384476e-01
 1.367854327e-01 1.360813230e-01 1.347906739e-01 1.331322789e-01 1.312685758e-01
 1.293101311e-01 1.273284107e-01 1.253678054e-01 1.234546676e-01 1.216036230e-01
 5.697240122e-03 1.290936768e-02 2.279007994e-02 2.943814546e-02 2.942533605e-02
 2.841425687e-02 2.726119757e-02 2.597165667e-02 2.455207147e-02 2.300960384e-02
 2.135222778e-02 1.959629171e-02 1.776380278e-02 1.588029042e-02 1.397474855e-02
 1.207949035e-02 1.022988465e-02 8.463960141e-03 6.821908988e-03 5.345482845e-03
 4.077321850e-03 3.060216317e-03 2.336344915e-03 1.946489909e-03 1.929244958e-03
 2.320204629e-03 3.151113400e-03 4.448920954e-03 6.234669592e-03 8.522133343e-03
 1.131614484e-02 1.461057365e-02 1.838553883e-02 2.260516584e-02 2.720213495e-02
 3.217075765e-02 3.749036044e-02 4.313915223e-02 4.909024015e-02 5.531075969e-02
 6.176098809e-02 6.839286536e-02 7.514879853e-02 8.196057379e-02 8.874864131e-02
 9.542194754e-02 1.018798128e-01 1.080144048e-01 1.137120798e-01 1.188540533e-01
 1.233228296e-01 1.270131916e-01 1.298530400e-01 1.318200678e-01 1.329464167e-01
 1.333167702e-01 1.330504566e-01 1.322788298e-01 1.311302930e-01 1.297171712e-01
 1.281309128e-01 1.264420897e-01 1.247029901e-01 1.229511425e-01 1.212125868e-01
 5.726770032e-03 1.297689043e-02 2.292791381e-02 2.964848652e-02 2.971008420e-02
 2.880987898e-02 2.778989263e-02 2.665733732e-02 2.542065457e-02 2.408912033e-02
 2.267289348e-02 2.118317410e-02 1.964082755e-02 1.807014272e-02 1.649842039e-02
 1.495579258e-02 1.347498689e-02 1.209096424e-02 1.084048022e-02 9.761540219e-03
 8.892790414e-03 8.272835054e-03 7.939511910e-03 7.929110900e-03 8.275552653e-03
 9.009501897e-03 1.015736349e-02 1.174015272e-02 1.377219614e-02 1.625948958e-02
 1.919783466e-02 2.257030644e-02 2.633585408e-02 3.049707972e-02 3.504442796e-02
 3.996797279e-02 4.525339603e-02 5.088099092e-02 5.682425201e-02 6.304781139e-02
 6.950491667e-02 7.613477856e-02 8.286014199e-02 8.958592266e-02 9.619926661e-02
 1.025675461e-01 1.085303202e-01 1.139586344e-01 1.187743694e-01 1.229042262e-01
 1.262967736e-01 1.289334744e-01 1.308280975e-01 1.320216954e-01 1.325784177e-01
 1.325777471e-01 1.321076006e-01 1.312579066e-01 1.301137805e-01 1.287516803e-01
 1.272369623e-01 1.256233305e-01 1.239533648e-01 1.222598180e-01 1.205671579e-01
 5.749849603e-03 1.302992832e-02 2.300650999e-02 2.978562936e-02 2.993895300e-02
 2.913099341e-02 2.822293900e-02 2.722403221e-02 2.614461817e-02 2.499587834e-02
 2.378984354e-02 2.253944427e-02 2.125917003e-02 1.997224428e-02 1.870431006e-02
 1.748334989e-02 1.633943804e-02 1.530441269e-02 1.441147365e-02 1.369468495e-02
 1.318840589e-02 1.292664558e-02 1.294235792e-02 1.326665003e-02 1.392792258e-02
 1.495091058e-02 1.635567099e-02 1.815623045e-02 2.035940625e-02 2.296148241e-02
 2.594678476e-02 2.932541445e-02 3.309920803e-02 3.727067262e-02 4.184024408e-02
 4.680579156e-02 5.216168240e-02 5.789732933e-02 6.399507821e-02 7.042700052e-02
 7.715055346e-02 8.410272747e-02 9.119312465e-02 9.829766303e-02 1.052561179e-01
 1.118781492e-01 1.178490818e-01 1.229598597e-01 1.271882653e-01 1.304626763e-01
 1.327896267e-01 1.342445016e-01 1.349446923e-01 1.350247562e-01 1.346106231e-01
 1.338105798e-01 1.327139288e-01 1.313934028e-01 1.299085170e-01 1.283080280e-01
 1.266318113e-01 1.249121726e-01 1.231748909e-01 1.214401126e-01 1.197232381e-01
 5.764200352e-03 1.306345593e-02 2.308656275e-02 2.990536392e-02 3.009464405e-02
 2.935508452e-02 2.853308804e-02 2.763981931e-02 2.668756060e-02 2.568923309e-02
 2.465843409e-02 2.360950224e-02 2.255764790e-02 2.151945420e-02 2.051899582e-02
 1.958202943e-02 1.873588376e-02 1.800914109e-02 1.743125729e-02 1.703209616e-02
 1.684139110e-02 1.688811369e-02 1.719977148e-02 1.780164056e-02 1.871581376e-02
 1.996022277e-02 2.154784836e-02 2.348281629e-02 2.576953359e-02 2.842141688e-02
 3.144777566e-02 3.485922515e-02 3.866634145e-02 4.287997261e-02 4.751097038e-02
 5.256957561e-02 5.806469545e-02 6.400305778e-02 7.038760930e-02 7.721524686e-02
 8.447147906e-02 9.212090820e-02 1.000909060e-01 1.082460359e-01 1.163557023e-01
 1.240808591e-01 1.308597028e-01 1.362593174e-01 1.401423067e-01 1.424222440e-01
 1.432239115e-01 1.428533643e-01 1.416947246e-01 1.400681287e-01 1.381923407e-01
 1.361969709e-01 1.341540515e-01 1.321029812e-01 1.300657243e-01 1.280553937e-01
 1.260805279e-01 1.241472661e-01 1.222602352e-01 1.204229891e-01 1.186381429e-01
 5.766686983e-03 1.307059545e-02 2.308780327e-02 2.992227487e-02 3.015412949e-02
 2.945415303e-02 2.868745849e-02 2.786775678e-02 2.700923197e-02 2.612631954e-02
 2.523376048e-02 2.434672415e-02 2.348095179e-02 2.265292220e-02 2.188010328e-02
 2.118572220e-02 2.059418522e-02 2.013061754e-02 1.982048340e-02 1.968915388e-02
 1.976137422e-02 2.006066404e-02 2.060863748e-02 2.142439038e-02 2.252292447e-02
 2.391218022e-02 2.560882643e-02 2.762694284e-02 2.997933142e-02 3.267939389e-02
 3.574077412e-02 3.917810321e-02 4.300814867e-02 4.725136235e-02 5.193308741e-02
 5.707962066e-02 6.271770597e-02 6.887406111e-02 7.558066398e-02 8.287820965e-02
 9.081538022e-02 9.944507480e-02 1.088143662e-01 1.189359650e-01 1.296978295e-01
 1.405256540e-01 1.499751508e-01 1.568098813e-01 1.605664641e-01 1.611303389e-01
 1.587573588e-01 1.545791030e-01 1.500760913e-01 1.458548009e-01 1.420274824e-01
 1.385755241e-01 1.354477406e-01 1.325904429e-01 1.299566925e-01 1.275082976e-01
 1.252152473e-01 1.230544001e-01 1.210080534e-01 1.190626621e-01 1.172077507e-01
 5.752597470e-03 1.304104365e-02 2.305578813e-02 2.987594530e-02 3.008414432e-02
 2.938820794e-02 2.864179946e-02 2.786092833e-02 2.706145868e-02 2.625878714e-02
 2.546822280e-02 2.470513433e-02 2.398505248e-02 2.332386188e-02 2.273797058e-02
 2.224464528e-02 2.186435834e-02 2.161855809e-02 2.152846009e-02 2.161463723e-02
 2.189658023e-02 2.239189111e-02 2.311483771e-02 2.408078685e-02 2.530539036e-02
 2.680262923e-02 2.858669683e-02 3.067157231e-02 3.307115287e-02 3.579960391e-02
 3.887167946e-02 4.230294749e-02 4.610904306e-02 5.034008250e-02 5.502749607e-02
 6.018509343e-02 6.585344672e-02 7.212395966e-02 7.901831716e-02 8.661847562e-02
 9.504635632e-02 1.044694781e-01 1.151276007e-01 1.273802817e-01 1.418074071e-01
 1.593039632e-01 1.740058213e-01 1.830169857e-01 1.867001504e-01 1.848964542e-01
 1.768311411e-01 1.651350260e-01 1.563432515e-01 1.494975537e-01 1.439574361e-01
 1.393377036e-01 1.353907734e-01 1.319495142e-01 1.288971007e-01 1.261497438e-01
 1.236461997e-01 1.213410571e-01 1.192002073e-01 1.171977818e-01 1.153139099e-01
 5.714569706e-03 1.295863930e-02 2.290586755e-02 2.966386080e-02 2.982934937e-02
 2.909344994e-02 2.833045647e-02 2.755602449e-02 2.678371593e-02 2.602924965e-02
 2.530838549e-02 2.463628538e-02 2.402760461e-02 2.349677309e-02 2.305831015e-02
 2.272707224e-02 2.251853049e-02 2.244921960e-02 2.253578976e-02 2.279341780e-02
 2.323690988e-02 2.388090454e-02 2.473918162e-02 2.582520433e-02 2.715223096e-02
 2.873326652e-02 3.058125079e-02 3.270924091e-02 3.513061255e-02 3.785928339e-02
 4.090996832e-02 4.429829493e-02 4.804060608e-02 5.219530314e-02 5.678713694e-02
 6.183184311e-02 6.737244129e-02 7.350789011e-02 8.026893437e-02 8.774113655e-02
 9.606044739e-02 1.054169610e-01 1.160876229e-01 1.284915209e-01 1.432805210e-01
 1.613365412e-01 1.761703491e-01 1.848393977e-01 1.876528710e-01 1.844423711e-01
 1.753994823e-01 1.635198742e-01 1.545894891e-01 1.475566328e-01 1.418388039e-01
 1.370711029e-01 1.330097467e-01 1.294859797e-01 1.263796091e-01 1.236030906e-01
 1.210914180e-01 1.187956184e-01 1.166783273e-01 1.147106811e-01 1.128702089e-01
 5.640457384e-03 1.279863156e-02 2.264882065e-02 2.928163856e-02 2.926686220e-02
 2.843542397e-02 2.767068893e-02 2.687724493e-02 2.610235289e-02 2.536834404e-02
 2.469175868e-02 2.408645116e-02 2.356487513e-02 2.313885838e-02 2.282007225e-02
 2.262030728e-02 2.255157754e-02 2.262613177e-02 2.285622992e-02 2.325387485e-02
 2.383081988e-02 2.459858730e-02 2.556843683e-02 2.675143629e-02 2.815856226e-02
 2.980078757e-02 3.168923780e-02 3.383534029e-02 3.625101596e-02 3.894894943e-02
 4.194293544e-02 4.524844512e-02 4.888390377e-02 5.287396535e-02 5.725116283e-02
 6.204694882e-02 6.729615480e-02 7.303428650e-02 7.930377871e-02 8.616440743e-02
 9.369372576e-02 1.019883081e-01 1.111648679e-01 1.213557422e-01 1.326796860e-01
 1.449391842e-01 1.558698416e-01 1.625868827e-01 1.646767557e-01 1.617571712e-01
 1.560938805e-01 1.503321379e-01 1.448610872e-01 1.399093866e-01 1.355098337e-01
 1.316161454e-01 1.281599849e-01 1.250734031e-01 1.222963780e-01 1.197782978e-01
 1.174774244e-01 1.153597012e-01 1.133974269e-01 1.115680933e-01 1.098534092e-01
 5.503959954e-03 1.250919607e-02 2.217061445e-02 2.862680517e-02 2.850696258e-02
 2.753658034e-02 2.660334669e-02 2.572546527e-02 2.491629310e-02 2.418541163e-02
 2.354231291e-02 2.299515530e-02 2.255163528e-02 2.221959084e-02 2.200726047e-02
 2.192329429e-02 2.197665349e-02 2.217643894e-02 2.253172919e-02 2.305145003e-02
 2.374432608e-02 2.461889014e-02 2.568352595e-02 2.694655582e-02 2.841632999e-02
 3.010132723e-02 3.201025352e-02 3.415216878e-02 3.653662279e-02 3.917382658e-02
 4.207487777e-02 4.525206983e-02 4.871923476e-02 5.249187723e-02 5.658712238e-02
 6.102282926e-02 6.581693888e-02 7.098693401e-02 7.654978335e-02 8.252025396e-02
 8.890658617e-02 9.570136666e-02 1.028636768e-01 1.102855057e-01 1.177334711e-01
 1.247755215e-01 1.307883263e-01 1.351433396e-01 1.374995559e-01 1.379026175e-01
 1.367889941e-01 1.347341090e-01 1.321830601e-01 1.294428408e-01 1.266955435e-01
 1.240393668e-01 1.215206161e-01 1.191556081e-01 1.169443503e-01 1.148786843e-01
 1.129468977e-01 1.111362204e-01 1.094341800e-01 1.078292429e-01 1.063110530e-01
 5.241746549e-03 1.195877790e-02 2.129925415e-02 2.744143456e-02 2.705328725e-02
 2.589588054e-02 2.483624406e-02 2.389152348e-02 2.306818031e-02 2.236362360e-02
 2.177552134e-02 2.130327187e-02 2.094872482e-02 2.071596123e-02 2.061071247e-02
 2.063968219e-02 2.080994286e-02 2.112850174e-02 2.160198614e-02 2.223656699e-02
 2.303797007e-02 2.401161380e-02 2.516276576e-02 2.649668977e-02 2.801878564e-02
 2.973467857e-02 3.165028989e-02 3.377185762e-02 3.610597551e-02 3.865958750e-02
 4.143996164e-02 4.445465654e-02 4.771136492e-02 5.121767148e-02 5.498051271e-02
 5.900550261e-02 6.329595298e-02 6.785150617e-02 7.266601175e-02 7.772439718e-02
 8.299778402e-02 8.843633533e-02 9.395946562e-02 9.944461286e-02 1.047186404e-01
 1.095618680e-01 1.137352958e-01 1.170347780e-01 1.193374097e-01 1.206393912e-01
 1.210414022e-01 1.207143143e-01 1.198545694e-01 1.186349839e-01 1.171936467e-01
 1.156321689e-01 1.140208915e-01 1.124061272e-01 1.108168364e-01 1.092700362e-01
 1.077747494e-01 1.063348874e-01 1.049511284e-01 1.036222577e-01 1.023459509e-01
 4.715855233e-03 1.085287333e-02 1.954334043e-02 2.513529919e-02 2.441200800e-02
 2.312122099e-02 2.203187719e-02 2.112955227e-02 2.039947733e-02 1.980797946e-02
 1.933802664e-02 1.898317784e-02 1.874401234e-02 1.862555742e-02 1.863520965e-02
 1.878111996e-02 1.907090470e-02 1.951084845e-02 2.010568045e-02 2.085867338e-02
 2.177207358e-02 2.284758165e-02 2.408679016e-02 2.549150214e-02 2.706392296e-02
 2.880671620e-02 3.072299063e-02 3.281621635e-02 3.509010747e-02 3.754844889e-02
 4.019493237e-02 4.303287715e-02 4.606491327e-02 4.929256067e-02 5.271563679e-02
 5.633148551e-02 6.013395637e-02 6.411208212e-02 6.824834645e-02 7.251651585e-02
 7.687890530e-02 8.128348738e-02 8.566121012e-02 8.992479742e-02 9.397072345e-02
 9.768602252e-02 1.009606272e-01 1.037025675e-01 1.058553159e-01 1.074051857e-01
 1.083825827e-01 1.088508219e-01 1.088902354e-01 1.085874662e-01 1.080239341e-01
 1.072701737e-01 1.063838154e-01 1.054099202e-01 1.043825597e-01 1.033267602e-01
 1.022604853e-01 1.011963114e-01 1.001428291e-01 9.910571575e-02 9.808856994e-02
 3.685478587e-03 8.544178680e-03 1.573640853e-02 2.031802200e-02 1.946092583e-02
 1.849664375e-02 1.783839427e-02 1.732649468e-02 1.690553501e-02 1.655852981e-02
 1.628274843e-02 1.608484983e-02 1.597758010e-02 1.597717032e-02 1.610082015e-02
 1.636390015e-02 1.677788235e-02 1.734934933e-02 1.808004268e-02 1.896835491e-02
 2.001084387e-02 2.120371163e-02 2.254376002e-02 2.402885072e-02 2.565799654e-02
 2.743124031e-02 2.934942208e-02 3.141388670e-02 3.362621367e-02 3.598789871e-02
 3.850005195e-02 4.116307199e-02 4.397625476e-02 4.693735018e-02 5.004204810e-02
 5.328332260e-02 5.665068701e-02 6.012929976e-02 6.369896978e-02 6.733307242e-02
 7.099758089e-02 7.465028763e-02 7.824075222e-02 8.171120286e-02 8.499897271e-02
 8.804061264e-02 9.077742696e-02 9.316185117e-02 9.516221285e-02 9.676630795e-02
 9.798111022e-02 9.883058071e-02 9.935144335e-02 9.958709776e-02 9.958302975e-02
 9.938314557e-02 9.902731329e-02 9.855017811e-02 9.798085690e-02 9.734316170e-02
 9.665620327e-02 9.593502432e-02 9.519135207e-02 9.443419427e-02 9.367042780e-02
 2.238947432e-03 4.884007387e-03 8.010975085e-03 1.058168896e-02 1.196644083e-02
 1.259575039e-02 1.287601236e-02 1.297377795e-02 1.296683308e-02 1.290466730e-02
 1.282325480e-02 1.275637187e-02 1.274012867e-02 1.281376928e-02 1.301613171e-02
 1.337971725e-02 1.392387506e-02 1.465208642e-02 1.555586513e-02 1.662029326e-02
 1.783006638e-02 1.917246729e-02 2.063838020e-02 2.222207189e-02 2.392047271e-02
 2.573239245e-02 2.765782364e-02 2.969737351e-02 3.185179457e-02 3.412159160e-02
 3.650666773e-02 3.900599852e-02 4.161727056e-02 4.433653876e-02 4.715782776e-02
 5.007269606e-02 5.306978524e-02 5.613432825e-02 5.924769863e-02 6.238704920e-02
 6.552506983e-02 6.863009930e-02 7.166659087e-02 7.459616661e-02 7.737928629e-02
 7.997748256e-02 8.235593885e-02 8.448608220e-02 8.634788543e-02 8.793115616e-02
 8.923591673e-02 9.027145803e-02 9.105455130e-02 9.160745144e-02 9.195557237e-02
 9.212543070e-02 9.214304388e-02 9.203277528e-02 9.181667864e-02 9.151416272e-02
 9.114195406e-02 9.071421623e-02 9.024279565e-02 8.973749727e-02 8.920635283e-02
 1.195165562e-03 2.539086156e-03 4.107841756e-03 5.644483492e-03 6.956703495e-03
 7.954475470e-03 8.612277918e-03 9.004329331e-03 9.215371683e-03 9.291947819e-03
 9.272013791e-03 9.197550826e-03 9.122829884e-03 9.122838266e-03 9.291896597e-03
 9.711402468e-03 1.041631401e-02 1.138595119e-02 1.256319042e-02 1.389460638e-02
 1.534262113e-02 1.688461378e-02 1.850917749e-02 2.021153644e-02 2.199061587e-02
 2.384727821e-02 2.578322962e-02 2.780033089e-02 2.990014851e-02 3.208360821e-02
 3.435071558e-02 3.670033813e-02 3.912994266e-02 4.163538665e-02 4.421067238e-02
 4.684770107e-02 4.953607544e-02 5.226286128e-02 5.501247942e-02 5.776662752e-02
 6.050439179e-02 6.320251524e-02 6.583590806e-02 6.837844849e-02 7.080396265e-02
 7.308752835e-02 7.520671934e-02 7.714296877e-02 7.888250053e-02 8.041708916e-02
 8.174418658e-02 8.286672086e-02 8.379242569e-02 8.453285694e-02 8.510230482e-02
 8.551672101e-02 8.579275012e-02 8.594693989e-02 8.599511534e-02 8.595201373e-02
 8.583104610e-02 8.564417809e-02 8.540193737e-02 8.511348069e-02 8.478671312e-02
 6.517992006e-04 1.394095481e-03 2.295142971e-03 3.244583728e-03 4.146100488e-03
 4.923322238e-03 5.501276813e-03 5.875967909e-03 6.069941912e-03 6.091297604e-03
 5.943974946e-03 5.633981433e-03 5.185856950e-03 4.679808859e-03 4.445643630e-03
 4.821651150e-03 5.898206960e-03 7.487795316e-03 9.223986417e-03 1.099206507e-02
 1.276771910e-02 1.455166284e-02 1.635129750e-02 1.817479171e-02 2.003009431e-02
 2.192435414e-02 2.386362292e-02 2.585275471e-02 2.789536305e-02 2.999377064e-02
 3.214895353e-02 3.436048329e-02 3.662642837e-02 3.894328699e-02 4.130587354e-02
 4.370726645e-02 4.613871127e-02 4.858961701e-02 5.104753375e-02 5.349826813e-02
 5.592604727e-02 5.831379816e-02 6.064357236e-02 6.289705634e-02 6.505624205e-02
 6.710407883e-02 6.902525574e-02 7.080682367e-02 7.243878394e-02 7.391440868e-02
 7.523044944e-02 7.638704032e-02 7.738740742e-02 7.823746651e-02 7.894526422e-02
 7.952042669e-02 7.997355610e-02 8.031575382e-02 8.055813611e-02 8.071154356e-02
 8.078622818e-02 8.079176396e-02 8.073690534e-02 8.062956482e-02 8.047682792e-02
 3.716230858e-04 8.012551698e-04 1.333970344e-03 1.912313281e-03 2.478695009e-03
 2.982110716e-03 3.372880863e-03 3.618591698e-03 3.693928011e-03 3.571435343e-03
 3.218641505e-03 2.585821785e-03 1.590282074e-03 6.067131471e-05-9.302977705e-04
-6.690653390e-04 9.756549262e-04 3.758873325e-03 6.210748106e-03 8.428597823e-03
 1.050040778e-02 1.248168293e-02 1.441091765e-02 1.631311141e-02 1.820782200e-02
 2.010930516e-02 2.202785388e-02 2.397110499e-02 2.594460174e-02 2.795208059e-02
 2.999558486e-02 3.207553923e-02 3.419081122e-02 3.633874282e-02 3.851518780e-02
 4.071452469e-02 4.292970151e-02 4.515228420e-02 4.737254232e-02 4.957957566e-02
 5.176148936e-02 5.390564725e-02 5.599895865e-02 5.802824721e-02 5.998065323e-02
 6.184404343e-02 6.360744685e-02 6.526142359e-02 6.679837406e-02 6.821274757e-02
 6.950117648e-02 7.066245377e-02 7.169749588e-02 7.260908931e-02 7.340170443e-02
 7.408115268e-02 7.465425134e-02 7.512846589e-02 7.551159710e-02 7.581151277e-02
 7.603592426e-02 7.619224489e-02 7.628747821e-02 7.632815838e-02 7.632029057e-02
 2.202698088e-04 4.774179251e-04 8.005499258e-04 1.157002640e-03 1.509802765e-03
 1.812976203e-03 2.039830666e-03 2.155688591e-03 2.125899075e-03 1.912016422e-03
 1.466557267e-03 7.263206644e-04-3.946481738e-04-2.033557277e-03-3.041686025e-03
-2.682538005e-03-8.907183656e-04 2.021277091e-03 4.565761890e-03 6.847572513e-03
 8.960927837e-03 1.096521690e-02 1.289979555e-02 1.479145885e-02 1.665914990e-02
 1.851707511e-02 2.037604526e-02 2.224435657e-02 2.412831597e-02 2.603225224e-02
 2.795867994e-02 2.990842983e-02 3.188081086e-02 3.387372941e-02 3.588381410e-02
 3.790650144e-02 3.993611410e-02 4.196595028e-02 4.398838431e-02 4.599500075e-02
 4.797674343e-02 4.992410541e-02 5.182734504e-02 5.367673934e-02 5.546282977e-02
 5.717669427e-02 5.881020054e-02 6.035621837e-02 6.180879474e-02 6.316326559e-02
 6.441631168e-02 6.556598097e-02 6.661172956e-02 6.755443662e-02 6.839644164e-02
 6.914131343e-02 6.979364902e-02 7.035870850e-02 7.084208727e-02 7.124954462e-02
 7.158680260e-02 7.185950130e-02 7.207308710e-02 7.223277539e-02 7.234348357e-02
 1.365056960e-04 2.970474015e-04 5.007936852e-04 7.284081657e-04 9.551811963e-04
 1.143825706e-03 1.277275151e-03 1.331446925e-03 1.279623946e-03 1.091051497e-03
 7.290319190e-04 1.463257213e-04-7.231249474e-04-2.000584500e-03-2.466501901e-03
-1.271376619e-03 4.505355901e-04 2.437989693e-03 4.419696052e-03 6.355776917e-03
 8.239947259e-03 1.008155569e-02 1.189127751e-02 1.367777213e-02 1.544766780e-02
 1.720699109e-02 1.896268316e-02 2.072217129e-02 2.249193192e-02 2.427638695e-02
 2.607753873e-02 2.789562568e-02 2.972958982e-02 3.157730028e-02 3.343567252e-02
 3.530075774e-02 3.716780990e-02 3.903136030e-02 4.088530689e-02 4.272302613e-02
 4.453748092e-02 4.632136226e-02 4.806726053e-02 4.976781458e-02 5.141589791e-02
 5.300478637e-02 5.452832580e-02 5.598106235e-02 5.735833198e-02 5.865627155e-02
 5.987166986e-02 6.100176647e-02 6.204446778e-02 6.299880892e-02 6.386561692e-02
 6.464763731e-02 6.534885615e-02 6.597369164e-02 6.652644277e-02 6.701125950e-02
 6.743226200e-02 6.779358536e-02 6.809932739e-02 6.835350394e-02 6.856001914e-02
 9.042795136e-05 1.977395004e-04 3.358052054e-04 4.934527096e-04 6.569467951e-04
 7.989848964e-04 8.993991651e-04 9.584251093e-04 9.602462524e-04 8.911207551e-04
 7.408759557e-04 5.057640956e-04 1.964412513e-04-1.536781638e-04-3.361839845e-05
 8.846840356e-04 2.137264702e-03 3.514972283e-03 4.959496669e-03 6.483706180e-03
 8.056793362e-03 9.662539698e-03 1.129571162e-02 1.293714065e-02 1.457261015e-02
 1.619168743e-02 1.779978350e-02 1.940835826e-02 2.104007080e-02 2.269245498e-02
 2.436280064e-02 2.604902536e-02 2.774885111e-02 2.945957333e-02 3.117799386e-02
 3.290040046e-02 3.462260216e-02 3.633994609e-02 3.804738075e-02 3.973953426e-02
 4.141078517e-02 4.305537418e-02 4.466750473e-02 4.624146968e-02 4.777176306e-02
 4.925321788e-02 5.068111420e-02 5.205130577e-02 5.336035043e-02 5.460569263e-02
 5.578615516e-02 5.689947680e-02 5.793558061e-02 5.889019743e-02 5.976095796e-02
 6.055301428e-02 6.127623469e-02 6.193694845e-02 6.253602356e-02 6.307549775e-02
 6.355789304e-02 6.398602575e-02 6.436283141e-02 6.469130516e-02 6.497447193e-02
 6.614545418e-05 1.456184982e-04 2.496341476e-04 3.711251484e-04 5.014676717e-04
 6.297481013e-04 7.474276936e-04 8.503062418e-04 9.353838395e-04 1.003784593e-03
 1.063817414e-03 1.135947998e-03 1.259484095e-03 1.491944655e-03 1.903399243e-03
 2.541068709e-03 3.387286328e-03 4.390211310e-03 5.517312326e-03 6.749322172e-03
 8.063723333e-03 9.443006478e-03 1.087355427e-02 1.234300248e-02 1.384408958e-02
 1.529528666e-02 1.675573178e-02 1.823569834e-02 1.973745413e-02 2.126080543e-02
 2.280339040e-02 2.436232194e-02 2.593456767e-02 2.751696669e-02 2.910616249e-02
 3.069855832e-02 3.229030222e-02 3.387729824e-02 3.545522690e-02 3.701958805e-02
 3.856575489e-02 4.008904845e-02 4.158480838e-02 4.304847121e-02 4.447566345e-02
 4.586229846e-02 4.720465094e-02 4.849947244e-02 4.974404350e-02 5.093618482e-02
 5.207397789e-02 5.315491930e-02 5.417649448e-02 5.512630194e-02 5.598520488e-02
 5.678396299e-02 5.752437934e-02 5.820913985e-02 5.883992091e-02 5.941814929e-02
 5.994544923e-02 6.042369828e-02 6.085496396e-02 6.124144793e-02 6.158544123e-02
 5.465188951e-05 1.214733857e-04 2.111541253e-04 3.199999046e-04 4.439163604e-04
 5.790934083e-04 7.212373312e-04 8.687663358e-04 1.024619793e-03 1.194021199e-03
 1.386883319e-03 1.618797658e-03 1.910888590e-03 2.286977833e-03 2.768728882e-03
 3.371341387e-03 4.097130615e-03 4.941308405e-03 5.893480498e-03 6.939470768e-03
 8.067296818e-03 9.267025627e-03 1.053293049e-02 1.184343360e-02 1.318828203e-02
 1.450413745e-02 1.583295129e-02 1.717798226e-02 1.855516061e-02 1.995775104e-02
 2.138091624e-02 2.282095142e-02 2.427446283e-02 2.573813125e-02 2.720860578e-02
 2.868244424e-02 3.015609272e-02 3.162587434e-02 3.308800608e-02 3.453863040e-02
 3.597382456e-02 3.738967702e-02 3.878231719e-02 4.014797881e-02 4.148306698e-02
 4.278421029e-02 4.404834285e-02 4.527276009e-02 4.645523801e-02 4.759421572e-02
 4.868945852e-02 4.973981902e-02 5.073409155e-02 5.166528746e-02 5.251858756e-02
 5.331398174e-02 5.405886099e-02 5.475813150e-02 5.541045591e-02 5.601617321e-02
 5.657621846e-02 5.709185079e-02 5.756456405e-02 5.799598992e-02 5.838787183e-02
 0.109056938E+01 0.109476745E+01 0.109557116E+01 0.109788108E+01 0.110095012E+01
 0.110448110E+01 0.110867953E+01 0.111342895E+01 0.111865008E+01 0.112450862E+01
 0.113101137E+01 0.113815725E+01 0.114583695E+01 0.115422499E+01 0.116332793E+01
 0.117309082E+01 0.118364465E+01 0.119495404E+01 0.120707345E+01 0.122008288E+01
 0.123394549E+01 0.124880648E+01 0.126461232E+01 0.128151417E+01 0.129950237E+01
 0.131870222E+01 0.133914804E+01 0.136094344E+01 0.138415873E+01 0.140890706E+01
 0.143529832E+01 0.146345150E+01 0.149350429E+01 0.152559888E+01 0.155990636E+01
 0.159660649E+01 0.163592601E+01 0.167809153E+01 0.172336805E+01 0.177205586E+01
 0.182450080E+01 0.188110733E+01 0.194230294E+01 0.200863671E+01 0.208069968E+01
 0.215922785E+01 0.224501920E+01 0.233903837E+01 0.244249105E+01 0.255670309E+01
 0.268350577E+01 0.282489729E+01 0.298330665E+01 0.316223550E+01 0.336560535E+01
 0.359884071E+01 0.386886477E+01 0.418542337E+01 0.456149292E+01 0.501631737E+01
 0.558033991E+01 0.630486345E+01 0.728428936E+01 0.875111198E+01 0.174739819E+02
  153   37
 0.230544448E+00 0.000000000E+00 0.230968252E+00 0.625000000E-01 0.232708544E+00
 0.125000000E+00 0.235832870E+00 0.187500000E+00 0.240461409E+00 0.250000000E+00
 0.241874993E+00 0.264572233E+00 0.246154666E+00 0.312500000E+00 0.253365368E+00
 0.375000000E+00 0.262583792E+00 0.437500000E+00 0.272187501E+00 0.489954442E+00
 0.273979515E+00 0.500000000E+00 0.286894977E+00 0.562500000E+00 0.302500010E+00
 0.623442948E+00 0.302906632E+00 0.625000000E+00 0.320897877E+00 0.687500000E+00
 0.332812488E+00 0.723524034E+00 0.342194706E+00 0.750000000E+00 0.363124996E+00
 0.804157913E+00 0.366711795E+00 0.812500000E+00 0.393437505E+00 0.873026550E+00
 0.394451439E+00 0.875000000E+00 0.423750013E+00 0.934562445E+00 0.425531894E+00
 0.937500000E+00 0.454062492E+00 0.991381347E+00 0.460193247E+00 0.100000000E+01
 0.484375000E+00 0.104491627E+01 0.499204904E+00 0.106250000E+01 0.514687479E+00
 0.109514403E+01 0.545000017E+00 0.112290657E+01 0.550153613E+00 0.114362776E+01
 0.555307269E+00 0.116434896E+01 0.580466151E+00 0.114345932E+01 0.605624974E+00
 0.112256968E+01 0.635937512E+00 0.110926354E+01 0.666249990E+00 0.109047997E+01
 0.696562529E+00 0.106689584E+01 0.700953662E+00 0.106250000E+01 0.726875007E+00
 0.104708278E+01 0.757187486E+00 0.102522755E+01 0.786774158E+00 0.100000000E+01
 0.787500024E+00 0.999568164E+00 0.817812502E+00 0.977612972E+00 0.848124981E+00
 0.952101946E+00 0.862988114E+00 0.937500000E+00 0.878437519E+00 0.925928354E+00
 0.908749998E+00 0.899689972E+00 0.933647156E+00 0.875000000E+00 0.939062476E+00
 0.870664895E+00 0.969375014E+00 0.843049049E+00 0.999025166E+00 0.812500000E+00
 0.999687493E+00 0.811921418E+00 0.102999997E+01 0.782318532E+00 0.105953276E+01
 0.750000000E+00 0.106031251E+01 0.749242604E+00 0.109062505E+01 0.716804802E+00
 0.111520779E+01 0.687500000E+00 0.112093747E+01 0.681174219E+00 0.115125000E+01
 0.644449830E+00 0.116576326E+01 0.625000000E+00 0.118156254E+01 0.604691148E+00
 0.121110141E+01 0.562500000E+00 0.121187496E+01 0.561420500E+00 0.124218750E+01
 0.515497208E+00 0.125148535E+01 0.500000000E+00 0.127250004E+01 0.465573162E+00
 0.128835034E+01 0.437500000E+00 0.130281246E+01 0.412150472E+00 0.132296944E+01
 0.375000000E+00 0.133312500E+01 0.356051147E+00 0.135601437E+01 0.312500000E+00
 0.136343753E+01 0.297449023E+00 0.138697290E+01 0.250000000E+00 0.139374995E+01
 0.234143287E+00 0.141412878E+01 0.187500000E+00 0.142406249E+01 0.157416910E+00
 0.143514013E+01 0.125000000E+00 0.144796288E+01 0.625000000E-01 0.145162499E+01
 0.000000000E+00 0.144605148E+01-0.625000000E-01 0.143133593E+01-0.125000000E+00
 0.142406249E+01-0.144778222E+00 0.140887773E+01-0.187500000E+00 0.139374995E+01
-0.220613435E+00 0.138061357E+01-0.250000000E+00 0.136343753E+01-0.283755958E+00
 0.134886897E+01-0.312500000E+00 0.133312500E+01-0.342096239E+00 0.131520653E+01
-0.375000000E+00 0.130281246E+01-0.397749454E+00 0.127991819E+01-0.437500000E+00
 0.127250004E+01-0.450631738E+00 0.124218786E+01-0.500000000E+00 0.124218750E+01
-0.500000596E+00 0.121187496E+01-0.546580970E+00 0.120040250E+01-0.562500000E+00
 0.118156254E+01-0.589381576E+00 0.115372264E+01-0.625000000E+00 0.115125000E+01
-0.628323853E+00 0.112093747E+01-0.665663898E+00 0.110117745E+01-0.687500000E+00
 0.109062505E+01-0.700190783E+00 0.106031251E+01-0.733224273E+00 0.104317820E+01
-0.750000000E+00 0.102999997E+01-0.764670551E+00 0.999687493E+00-0.794952214E+00
 0.979961932E+00-0.812500000E+00 0.969375014E+00-0.823730052E+00 0.939062476E+00
-0.852208555E+00 0.911502779E+00-0.875000000E+00 0.908749998E+00-0.877858162E+00
 0.878437519E+00-0.905231535E+00 0.848124981E+00-0.929014802E+00 0.835458517E+00
-0.937500000E+00 0.817812502E+00-0.953341484E+00 0.787500024E+00-0.976399124E+00
 0.757187486E+00-0.995947301E+00 0.749371231E+00-0.100000000E+01 0.726875007E+00
-0.101738453E+01 0.696562529E+00-0.103629065E+01 0.666249990E+00-0.105104721E+01
 0.635937512E+00-0.106144381E+01 0.629399598E+00-0.106250000E+01 0.591870070E+00
-0.110682809E+01 0.554340541E+00-0.115115631E+01 0.549670279E+00-0.110372186E+01
 0.545000017E+00-0.105628741E+01 0.514687479E+00-0.103396738E+01 0.489432961E+00
-0.100000000E+01 0.484375000E+00-0.994944155E+00 0.454062492E+00-0.952762842E+00
 0.445841432E+00-0.937500000E+00 0.423750013E+00-0.902622700E+00 0.409744203E+00
-0.875000000E+00 0.393437505E+00-0.844726622E+00 0.378670871E+00-0.812500000E+00
 0.363124996E+00-0.778079033E+00 0.351824939E+00-0.750000000E+00 0.332812488E+00
-0.698979318E+00 0.328850240E+00-0.687500000E+00 0.309010416E+00-0.625000000E+00
 0.302500010E+00-0.601324201E+00 0.292098701E+00-0.562500000E+00 0.278033108E+00
-0.500000000E+00 0.272187501E+00-0.468859702E+00 0.266181260E+00-0.437500000E+00
 0.256225735E+00-0.375000000E+00 0.248400673E+00-0.312500000E+00 0.242354214E+00
-0.250000000E+00 0.241874993E+00-0.243632272E+00 0.237249196E+00-0.187500000E+00
 0.233626813E+00-0.125000000E+00 0.231419802E+00-0.625000000E-01 0.230544448E+00
 0.000000000E+00
 0.189999998E+01 0.405000001E+00 0.155510426E+01 0.405000001E+00 0.155510426E+01
 0.822500229E+00 0.140793061E+01 0.822500229E+00 0.140793061E+01 0.103300035E+01
 0.103993106E+01 0.103300035E+01 0.103993106E+01 0.119500005E+01 0.189999998E+01
 0.119500005E+01 0.189999998E+01 0.182500005E+01 0.564930677E+00 0.182500005E+01
 0.564930677E+00 0.172808158E+01 0.783500016E+00 0.172808158E+01 0.783500016E+00
 0.171558166E+01 0.582590282E+00 0.154700005E+01 0.416500002E+00 0.154700005E+01
 0.280000001E+00 0.168350005E+01 0.280000001E+00 0.122908854E+01 0.195244402E+00
 0.108350003E+01 0.195244402E+00-0.108350003E+01 0.280000001E+00-0.122908854E+01
 0.280000001E+00-0.168350005E+01 0.416500002E+00-0.154700005E+01 0.582590282E+00
-0.154700005E+01 0.783500016E+00-0.171558166E+01 0.783500016E+00-0.172808158E+01
 0.564930677E+00-0.172808158E+01 0.564930677E+00-0.182500005E+01 0.189999998E+01
-0.182500005E+01 0.189999998E+01-0.119500005E+01 0.103993106E+01-0.119500005E+01
 0.103993106E+01-0.103300035E+01 0.140793061E+01-0.103300035E+01 0.140793061E+01
-0.822500229E+00 0.155510426E+01-0.822500229E+00 0.155510426E+01-0.405000001E+00
 0.189999998E+01-0.405000001E+00 0.189999998E+01 0.405000001E+00
    0
